"","totalmoosena","SurveyID","SurveyName","Surveyyear","ID","Intid","Stratname","Counted","GMU","AreaMi","centrlat","centrlon","YBULL_SF","YBULL_GTSF","BULL_30_40","BULL_41_50","BULL_GT_50","COW_W_0","COW_W_1","COW_W_2","CALF","UNKNOWN","totalmoose","TotalAdults","TotalCows","TotalBulls","TotalCalves","datecounted","searchmin","comments","ELEV_MEAN","prp_burn_1_30","prp_burn_31_60","prop.cov.1","prop.cov.2","prop.cov.3","prop.cov.4","prop.cov.5","prop.cov.6","prop.cov.7","prop.cov.6_7","prop.cov.8","prop.cov.9","prop.cov.10","prop.cov.11","prop.cov.12","prop.cov.13","prop.cov.14","prop.cov.15","prop.cov.99","stratfact","xcoords","ycoords"
"1",NA,676,"20E TAYLOR CORRIDOR",2014,"6346-14305",NA,"LOW",0,"20E",5.895,63.7833,-143.125,0,0,0,0,0,0,0,0,0,0,0,0,0,0,0,NA,NA,NA,794.2857,1,0,0.002121891,NA,NA,0.111811859,0.041494754,0.174761287,NA,0.174761287,0.107450195,0.001768242,0.381291996,0.178946128,NA,NA,0.000353648,NA,NA,"LOW",59.8662475352334,129.563028749696
"2",NA,676,"20E TAYLOR CORRIDOR",2014,"6348-14305",NA,"LOW",0,"20E",5.888,63.8167,-143.125,0,0,0,0,0,0,0,0,0,0,0,0,0,0,0,NA,NA,NA,709.5333,1,0,0.022713864,NA,0.000471976,0.135634218,0.24519174,0.301238938,NA,0.301238938,0.034513274,0.017227139,0.079764012,0.154749263,NA,0.001179941,0.001828909,0.005486726,NA,"LOW",59.9092634663291,133.284688574342
"3",NA,676,"20E TAYLOR CORRIDOR",2014,"6350-14305",NA,"LOW",0,"20E",5.882,63.85,-143.125,0,0,0,0,0,0,0,0,0,0,0,0,0,0,0,NA,NA,NA,704.6667,1,0,0.00525694,NA,NA,0.020850561,0.397401063,0.345776728,NA,0.345776728,0.03520378,0.046367395,0.021323095,0.107914944,NA,0.003898405,0.005788541,0.010218547,NA,"LOW",59.952163081949,136.995222881592
"4",1,676,"20E TAYLOR CORRIDOR",2014,"6352-14305",NA,"LOW",1,"20E",5.875,63.8833,-143.125,0,0,0,0,0,1,0,0,0,0,1,1,1,0,0,NA,NA,NA,718.7857,1,0,0.045427659,NA,0.001301313,0.021708269,0.420856501,0.271619543,NA,0.271619543,0.084644505,0.021235064,0.067076777,0.066071217,NA,NA,5.92e-05,NA,NA,"LOW",59.9950751390346,140.70577432452
"5",NA,676,"20E TAYLOR CORRIDOR",2014,"6354-14305",NA,"LOW",0,"20E",5.868,63.9167,-143.125,0,0,0,0,0,0,0,0,0,0,0,0,0,0,0,NA,NA,NA,749.2,1,0,0.018241042,NA,0.000414569,0.017944922,0.411904057,0.279715724,NA,0.279715724,0.097601421,0.031684927,0.089013918,0.052294936,NA,0.000533017,0.000118448,0.000533017,NA,"LOW",60.038128544082,144.427485762156
"6",1,676,"20E TAYLOR CORRIDOR",2014,"6342-14300",NA,"HIGH",1,"20E",5.909,63.7167,-143.0417,0,0,0,0,0,1,0,0,0,0,1,1,1,0,0,NA,NA,NA,854.4375,1,0,0.086038579,0.000294048,0.003587391,0.386908963,0.099917666,0.140261115,0.000352858,0.140613973,0.083450953,0.005822159,0.062749941,0.130439896,0.000117619,NA,5.88e-05,NA,NA,"HIGH",63.8960788004504,122.097194154248
"7",NA,676,"20E TAYLOR CORRIDOR",2014,"6346-14300",NA,"HIGH",0,"20E",5.895,63.7833,-143.0417,0,0,0,0,0,0,0,0,0,0,0,0,0,0,0,NA,NA,NA,759.0625,1,0,0,NA,NA,0.012674645,0.192477746,0.350763426,NA,0.350763426,0.161645935,0.007251076,0.199257207,0.07575311,NA,NA,0.000176856,NA,NA,"HIGH",63.9721385866665,129.518256654195
"8",NA,676,"20E TAYLOR CORRIDOR",2014,"6352-14300",NA,"LOW",0,"20E",5.875,63.8833,-143.0417,0,0,0,0,0,0,0,0,0,0,0,0,0,0,0,NA,NA,NA,707.625,0.999997417,0,0.001183082,NA,0.000177462,0.006033718,0.542738835,0.352972493,NA,0.352972493,0.049393671,0.001656315,0.001419698,0.034723455,NA,0.00260278,0.00130139,0.005797101,NA,"LOW",64.0864255480583,140.661122510687
"9",NA,676,"20E TAYLOR CORRIDOR",2014,"6354-14300",NA,"LOW",0,"20E",5.868,63.9167,-143.0417,0,0,0,0,0,0,0,0,0,0,0,0,0,0,0,NA,NA,NA,734.125,0.28219257,0,0.116671602,NA,5.92e-05,0.272727273,0.144210838,0.256026059,NA,0.256026059,0.012792419,0.001480604,0.020373112,0.138169973,NA,0.002605863,0.001184483,0.033698549,NA,"LOW",64.1246195597141,144.382874244042
"10",1,676,"20E TAYLOR CORRIDOR",2014,"6356-14300",NA,"LOW",1,"20E",5.861,63.95,-143.0417,0,0,0,0,0,1,0,0,0,0,1,1,1,0,0,NA,NA,NA,834.5714,0.397778677,0,0.14564431,NA,0.000889521,0.401529977,0.217636245,0.071221016,NA,0.071221016,0.034691336,0.0083022,0.022060132,0.09790666,5.93e-05,NA,5.93e-05,NA,NA,"LOW",64.1627102465456,148.093500199445
"11",0,676,"20E TAYLOR CORRIDOR",2014,"6344-14255",NA,"HIGH",1,"20E",5.902,63.75,-142.9583,0,0,0,0,0,0,0,0,0,0,0,0,0,0,0,NA,NA,NA,771.0667,1,0,0.179660817,0.000235544,0.005123071,0.425803792,0.113060888,0.148804617,NA,0.148804617,0.012954893,0.000706631,0.000765516,0.112354257,5.89e-05,NA,0.000294429,0.000176658,NA,"HIGH",68.0498099115031,125.768221009829
"12",NA,676,"20E TAYLOR CORRIDOR",2014,"6354-14255",NA,"LOW",0,"20E",5.868,63.9167,-142.9583,0,0,0,0,0,0,0,0,0,0,0,0,0,0,0,NA,NA,NA,725.1334,0.007946677,0,0.068111822,NA,5.92e-05,0.242655769,0.091388297,0.309701493,0.000355366,0.310056859,0.005863539,0.000473821,0.003435205,0.277659322,5.92e-05,0.000118455,5.92e-05,5.92e-05,NA,"LOW",68.2160580294192,144.343555190114
"13",NA,676,"20E TAYLOR CORRIDOR",2014,"6356-14255",NA,"LOW",0,"20E",5.861,63.95,-142.9583,0,0,0,0,0,0,0,0,0,0,0,0,0,0,0,NA,NA,NA,813,0,0,0.122265046,NA,0.000237178,0.308390157,0.087755707,0.260598873,NA,0.260598873,0.006463089,0.001008005,0.000355766,0.212926178,NA,NA,NA,NA,NA,"LOW",68.2492966646294,148.054216607206
"14",NA,676,"20E TAYLOR CORRIDOR",2014,"6358-14255",NA,"LOW",0,"20E",5.854,63.9833,-142.9583,0,0,0,0,0,0,0,0,0,0,0,0,0,0,0,NA,NA,NA,946.3125,0,0.410873043,0.117067379,5.94e-05,NA,0.480914218,0.044701692,0.037696646,5.94e-05,0.037756046,0.000831107,0.001187296,NA,0.317482933,NA,NA,NA,NA,NA,"LOW",68.2825448982747,151.764895227679
"15",NA,676,"20E TAYLOR CORRIDOR",2014,"6356-14250",NA,"LOW",0,"20E",5.861,63.95,-142.875,0,0,0,0,0,0,0,0,0,0,0,0,0,0,0,NA,NA,NA,754.8125,0.000507251,0,0.016242812,NA,NA,0.190586283,0.080087735,0.349161183,NA,0.349161183,0.004386745,0.002311933,0.005038829,0.35218448,NA,NA,NA,NA,NA,"LOW",72.3310194604744,148.020314897249
"16",0,676,"20E TAYLOR CORRIDOR",2014,"6358-14250",NA,"LOW",1,"20E",5.854,63.9833,-142.875,0,0,0,0,0,0,0,0,0,0,0,0,0,0,0,NA,NA,NA,1033.2,0,0.067383189,0.202362579,0.000237445,0.003502315,0.45102695,0.099430132,0.068384186,0.001009142,0.069393328,0.021963671,0.016086905,0.011456726,0.122996557,NA,NA,0.001543393,NA,NA,"LOW",72.3594200724952,151.731024166625
"17",NA,676,"20E TAYLOR CORRIDOR",2014,"6400-14250",NA,"LOW",0,"20E",5.847,64.0167,-142.875,0,0,0,0,0,0,0,0,0,0,0,0,0,0,0,NA,NA,NA,1078.4,0,0.180339244,0.083907773,NA,0.001901593,0.320121227,0.132695507,0.211017352,0.000950796,0.211968148,0.024542429,0.04748039,0.042072736,0.123187545,NA,NA,0.012122653,NA,NA,"LOW",72.3879141982462,155.452894018616
"18",NA,676,"20E TAYLOR CORRIDOR",2014,"6354-14245",NA,"LOW",0,"20E",5.868,63.9167,-142.7917,0,0,0,0,0,0,0,0,0,0,0,0,0,0,0,NA,NA,NA,787,0.999210011,0,0.013325437,NA,0.000296121,0.203375777,0.036659757,0.154042049,NA,0.154042049,0.093751851,0.004204916,0.345691442,0.147468167,NA,NA,0.001184483,NA,NA,"LOW",76.3892270955655,144.281026945414
"19",NA,676,"20E TAYLOR CORRIDOR",2014,"6356-14245",NA,"LOW",0,"20E",5.861,63.95,-142.7917,0,0,0,0,0,0,0,0,0,0,0,0,0,0,0,NA,NA,NA,728,0.486592469,0,0.054082903,5.93e-05,0.001423234,0.211706102,0.108936725,0.217932752,NA,0.217932752,0.02988792,0.009369626,0.155369744,0.209393346,NA,NA,0.001838344,NA,NA,"LOW",76.4127732953905,147.9917447553
"20",NA,676,"20E TAYLOR CORRIDOR",2014,"6400-14245",NA,"LOW",0,"20E",5.847,64.0167,-142.7917,0,0,0,0,0,0,0,0,0,0,0,0,0,0,0,NA,NA,NA,1064.5294,0,0,0.090158089,NA,0.004100796,0.494591703,0.090276952,0.100618091,0.001248068,0.101866159,0.032865803,0.021514323,0.055687626,0.066385356,NA,NA,0.042553191,NA,NA,"LOW",76.4599568475582,155.424375650214
"21",NA,676,"20E TAYLOR CORRIDOR",2014,"6404-14245",NA,"LOW",0,"20E",5.833,64.0833,-142.7917,0,0,0,0,0,0,0,0,0,0,0,0,0,0,0,NA,NA,NA,786.2,0.947374491,0,0.04748853,NA,0.000595841,0.340165644,0.15408449,0.086456533,NA,0.086456533,0.052731931,0.047667282,0.053685277,0.214800691,0.000119168,NA,0.002204612,NA,NA,"LOW",76.5070968163435,162.845932250096
"22",NA,676,"20E TAYLOR CORRIDOR",2014,"6412-14245",NA,"LOW",0,"20E",5.805,64.2167,-142.7917,0,0,0,0,0,0,0,0,0,0,0,0,0,0,0,NA,NA,NA,1082.1765,0,0,0.104944923,NA,0.000359195,0.508441092,0.067349138,0.048311782,0.004250479,0.052562261,0.088601533,0.044300766,0.016343391,0.102250958,NA,NA,0.014846743,NA,NA,"LOW",76.6015996709112,177.711539507803
"23",NA,676,"20E TAYLOR CORRIDOR",2014,"6414-14245",NA,"LOW",0,"20E",5.8,64.25,-142.7917,0,0,0,0,0,0,0,0,0,0,0,0,0,0,0,NA,NA,NA,995.7857,0,0,0.009167715,NA,0.000179759,0.648331236,0.066750554,0.014021212,NA,0.014021212,0.000179759,0.012762898,0.00209719,0.246449757,NA,NA,5.99e-05,NA,NA,"LOW",76.6252068439389,181.422412503974
"24",NA,676,"20E TAYLOR CORRIDOR",2014,"6416-14245",NA,"LOW",0,"20E",5.791,64.2833,-142.7917,0,0,0,0,0,0,0,0,0,0,0,0,0,0,0,NA,NA,NA,914.0667,0,0,0.038288423,NA,0.00018004,0.682470143,0.039068595,0.008521875,NA,0.008521875,0.00132029,0.002640581,0.000780172,0.225469603,NA,NA,0.001260277,NA,NA,"LOW",76.6488207449261,185.133302647521
"25",NA,676,"20E TAYLOR CORRIDOR",2014,"6344-14240",NA,"LOW",0,"20E",5.902,63.75,-142.7083,0,0,0,0,0,0,0,0,0,0,0,0,0,0,0,NA,NA,NA,773.1334,0.959313089,0,0.003824654,NA,NA,0.109090909,0.065842895,0.132980288,NA,0.132980288,0.207002059,0.010120624,0.334980877,0.130450132,NA,NA,0.005707561,NA,NA,"LOW",80.3872570250959,125.682022814645
"26",NA,676,"20E TAYLOR CORRIDOR",2014,"6348-14240",NA,"LOW",0,"20E",5.888,63.8167,-142.7083,0,0,0,0,0,0,0,0,0,0,0,0,0,0,0,NA,NA,NA,782.8666,1,0,0.028797356,NA,NA,0.201463472,0.060191196,0.130827334,NA,0.130827334,0.080549982,0.000531099,0.349285967,0.142570518,NA,NA,0.005783076,NA,NA,"LOW",80.4246526467157,133.114487137329
"27",NA,676,"20E TAYLOR CORRIDOR",2014,"6350-14240",NA,"LOW",0,"20E",5.882,63.85,-142.7083,0,0,0,0,0,0,0,0,0,0,0,0,0,0,0,NA,NA,NA,729.2,1,0,0.001596311,NA,NA,0.041326712,0.34273383,0.314827953,NA,0.314827953,0.119959797,0.00248315,0.088979544,0.087146742,0.000354736,5.91e-05,0.000532104,NA,NA,"LOW",80.4433305726706,136.825173842432
"28",NA,676,"20E TAYLOR CORRIDOR",2014,"6354-14240",NA,"LOW",0,"20E",5.868,63.9167,-142.7083,0,0,0,0,0,0,0,0,0,0,0,0,0,0,0,NA,NA,NA,787.3333,1,0,0.016294365,NA,0.002310837,0.157255436,0.045624222,0.175919891,NA,0.175919891,0.134147064,0.00106654,0.326065059,0.139183504,NA,NA,0.002133081,NA,NA,"LOW",80.4807588028035,144.257742669247
"29",NA,676,"20E TAYLOR CORRIDOR",2014,"6356-14240",NA,"LOW",0,"20E",5.861,63.95,-142.7083,0,0,0,0,0,0,0,0,0,0,0,0,0,0,0,NA,NA,NA,749.5333,0.912858849,0,0.017202515,NA,0.000177957,0.138984458,0.023668288,0.147585716,NA,0.147585716,0.08636849,0.000118638,0.436172737,0.148238225,NA,NA,0.001482975,NA,NA,"LOW",80.4994529799909,147.968481478326
"30",NA,676,"20E TAYLOR CORRIDOR",2014,"6358-14240",NA,"LOW",0,"20E",5.854,63.9833,-142.7083,0,0,0,0,0,0,0,0,0,0,0,0,0,0,0,NA,NA,NA,716.6875,0.205978527,0,0.115663223,NA,NA,0.393777461,0.143985275,0.130685192,NA,0.130685192,0.004453153,0.006234414,0.00475003,0.194276214,NA,0.001484384,0.000950006,0.003740648,NA,"LOW",80.5181525561455,151.679237606985
"31",NA,676,"20E TAYLOR CORRIDOR",2014,"6400-14240",NA,"LOW",0,"20E",5.847,64.0167,-142.7083,0,0,0,0,0,0,0,0,0,0,0,0,0,0,0,NA,NA,NA,748.1429,0,0,0.047273592,NA,NA,0.591484807,0.016768746,0.067966938,NA,0.067966938,0.003448891,0.003032646,0.000118927,0.269845989,5.95e-05,NA,NA,NA,NA,"LOW",80.5369137041144,155.401154529484
"32",NA,676,"20E TAYLOR CORRIDOR",2014,"6402-14240",NA,"LOW",0,"20E",5.84,64.05,-142.7083,0,0,0,0,0,0,0,0,0,0,0,0,0,0,0,NA,NA,NA,720.1334,0,0,0.133511905,5.95e-05,0.000357143,0.373392857,0.065595238,0.183571429,NA,0.183571429,0.011130952,0.005595238,0.013988095,0.2125,NA,NA,0.000297619,NA,NA,"LOW",80.5556240753308,159.111945302527
"33",NA,676,"20E TAYLOR CORRIDOR",2014,"6410-14240",NA,"LOW",0,"20E",5.812,64.1833,-142.7083,0,0,0,0,0,0,0,0,0,0,0,0,0,0,0,NA,NA,NA,1092.3125,0,0,0.064163129,NA,0.001375351,0.492614961,0.112240627,0.095078634,0.006697363,0.101775997,0.00932847,0.050469413,0.003767267,0.162052263,NA,NA,0.002212522,NA,NA,"LOW",80.6305755556088,173.966424715509
"34",NA,676,"20E TAYLOR CORRIDOR",2014,"6328-14235",NA,"LOW",0,"20E",5.958,63.4833,-142.625,0,0,0,0,0,0,0,0,0,0,0,0,0,0,0,NA,NA,NA,744.125,1,0,0.001166657,NA,NA,0.081665986,0.029516421,0.139123841,NA,0.139123841,0.04159132,0.002158315,0.569445255,0.134865543,NA,NA,0.000466663,NA,NA,"LOW",84.3875402947925,95.9458831318263
"35",NA,676,"20E TAYLOR CORRIDOR",2014,"6330-14235",NA,"LOW",0,"20E",5.951,63.5167,-142.625,0,0,0,0,0,0,0,0,0,0,0,0,0,0,0,NA,NA,NA,728.6,1,0,0.000350283,NA,NA,0.074318407,0.085936132,0.258567342,NA,0.258567342,0.057096153,0.008465176,0.340008173,0.171872263,0.000291903,0.000700566,0.000233522,0.002160079,NA,"LOW",84.4013772265882,99.6675537122814
"36",NA,676,"20E TAYLOR CORRIDOR",2014,"6332-14235",NA,"LOW",0,"20E",5.944,63.55,-142.625,0,0,0,0,0,0,0,0,0,0,0,0,0,0,0,NA,NA,NA,719.875,0.97538534,0,0.005145898,NA,5.85e-05,0.066896673,0.194316122,0.277936963,NA,0.277936963,0.053798024,0.027659201,0.225834747,0.139114672,0.001169522,0.00105257,0.001871236,0.005145898,NA,"LOW",84.4151767970199,103.378099137081
"37",1,676,"20E TAYLOR CORRIDOR",2014,"6334-14235",NA,"LOW",1,"20E",5.937,63.5833,-142.625,0,0,0,0,0,1,0,0,0,0,1,1,1,0,0,NA,NA,NA,730.4667,0.711633874,0,0.059946142,NA,0.001814776,0.211743356,0.117843344,0.174159934,NA,0.174159934,0.036646763,0.02687039,0.143367287,0.217890177,0.000234165,0.002927058,0.001229364,0.005327245,NA,"LOW",84.4289804232451,107.088662090894
"38",NA,676,"20E TAYLOR CORRIDOR",2014,"6338-14235",NA,"LOW",0,"20E",5.924,63.65,-142.625,0,0,0,0,0,0,0,0,0,0,0,0,0,0,0,NA,NA,NA,712.647,0.38738147,0,0.131138884,NA,0.0002347,0.449040662,0.059203192,0.059848618,0.00011735,0.059965968,0.006512938,0.01284985,0.132840462,0.145572963,0.000176025,0.000528076,0.000410726,0.001525553,NA,"LOW",84.4566413070843,114.520983487578
"39",NA,676,"20E TAYLOR CORRIDOR",2014,"6340-14235",NA,"LOW",0,"20E",5.916,63.6833,-142.625,0,0,0,0,0,0,0,0,0,0,0,0,0,0,0,NA,NA,NA,757.1334,0,0.031368143,0.358649046,NA,0.00246696,0.576328928,0.004170338,0.014508076,NA,0.014508076,NA,0.00041116,0.000293686,0.043171806,NA,NA,NA,NA,NA,"LOW",84.4704570847231,118.231598989117
"40",NA,676,"20E TAYLOR CORRIDOR",2014,"6342-14235",NA,"LOW",0,"20E",5.909,63.7167,-142.625,0,0,0,0,0,0,0,0,0,0,0,0,0,0,0,NA,NA,NA,726.8571,0.092322122,0.627730162,0.306936518,NA,0.002176855,0.457669,0.023415897,0.07218921,NA,0.07218921,0.003412367,0.00241219,0.030652468,0.100076484,5.88e-05,NA,0.001000177,NA,NA,"LOW",84.4843184064246,121.953375026586
"41",NA,676,"20E TAYLOR CORRIDOR",2014,"6348-14235",NA,"LOW",0,"20E",5.888,63.8167,-142.625,0,0,0,0,0,0,0,0,0,0,0,0,0,0,0,NA,NA,NA,880.2143,1,0,0.001828801,0.000117987,NA,0.134977287,0.09155802,0.147424931,0.000117987,0.147542918,0.289599434,0.003716595,0.228541089,0.09155802,NA,NA,0.010559849,NA,NA,"LOW",84.525843605421,133.09652196893
"42",NA,676,"20E TAYLOR CORRIDOR",2014,"6354-14235",NA,"LOW",0,"20E",5.868,63.9167,-142.625,0,0,0,0,0,0,0,0,0,0,0,0,0,0,0,NA,NA,NA,716.0667,1,0,0.00686675,NA,NA,0.159474338,0.12987628,0.267329663,NA,0.267329663,0.058012194,0.010122536,0.167406618,0.200201267,NA,0.000355177,0.000236784,0.000118392,NA,"LOW",84.5674050411216,144.239825878318
"43",NA,676,"20E TAYLOR CORRIDOR",2014,"6356-14235",NA,"LOW",0,"20E",5.861,63.95,-142.625,0,0,0,0,0,0,0,0,0,0,0,0,0,0,0,NA,NA,NA,691.6875,1,0,0.001066793,NA,NA,0.031588929,0.27985539,0.327209151,NA,0.327209151,0.125051858,0.006993421,0.124281396,0.103004801,NA,0.000237065,0.000711195,NA,NA,"LOW",84.5812530198017,147.950580845728
"44",NA,676,"20E TAYLOR CORRIDOR",2014,"6400-14235",NA,"LOW",0,"20E",5.847,64.0167,-142.625,0,0,0,0,0,0,0,0,0,0,0,0,0,0,0,NA,NA,NA,671.8666,0.035015276,0,0.077430473,NA,0.000178274,0.212800095,0.129189446,0.295519372,NA,0.295519372,0.018718802,0.012538626,0.001901593,0.251129071,0.00011885,NA,0.000475398,NA,NA,"LOW",84.6090025863589,155.383286335014
"45",2,676,"20E TAYLOR CORRIDOR",2014,"6402-14235",NA,"LOW",1,"20E",5.84,64.05,-142.625,0,0,0,0,0,0,1,0,0,0,2,1,1,0,1,NA,NA,NA,735.7647,0.003833396,0,0.041520433,NA,0.00011897,0.303551246,0.084052109,0.19469395,NA,0.19469395,0.001130212,0.008089941,0.001070727,0.365772411,NA,NA,NA,NA,NA,"LOW",84.622862561269,159.094093339179
"46",NA,676,"20E TAYLOR CORRIDOR",2014,"6410-14235",NA,"LOW",0,"20E",5.812,64.1833,-142.625,0,0,0,0,0,0,0,0,0,0,0,0,0,0,0,NA,NA,NA,884.6667,0,0,0.063781457,NA,0.000119553,0.768784745,0.07681272,0.008906689,NA,0.008906689,0.002092175,0.007412278,0.000239106,0.071851276,NA,NA,NA,NA,NA,"LOW",84.6783839424877,173.948637967455
"47",NA,676,"20E TAYLOR CORRIDOR",2014,"6412-14235",NA,"LOW",0,"20E",5.805,64.2167,-142.625,0,0,0,0,0,0,0,0,0,0,0,0,0,0,0,NA,NA,NA,900.2857,0,0,0.052486684,NA,NA,0.807050093,0.048177629,0.003231791,0.000119696,0.003351487,5.98e-05,0.014303669,0.000119696,0.074391047,NA,NA,5.98e-05,NA,NA,"LOW",84.6923054961495,177.670675201672
"48",NA,676,"20E TAYLOR CORRIDOR",2014,"6414-14235",NA,"LOW",0,"20E",5.8,64.25,-142.625,0,0,0,0,0,0,0,0,0,0,0,0,0,0,0,NA,NA,NA,1114.5,0,0,0.018092499,NA,0.000419363,0.4571052,0.177989456,0.081356338,0.000658998,0.082015336,0.038341721,0.070572729,0.016714594,0.122993051,NA,NA,0.015756051,NA,NA,"LOW",84.7061893362303,181.381585856171
"49",NA,676,"20E TAYLOR CORRIDOR",2014,"6328-14230",NA,"LOW",0,"20E",5.958,63.4833,-142.5417,0,0,0,0,0,0,0,0,0,0,0,0,0,0,0,NA,NA,NA,733.6,1,0,0.000291647,NA,NA,0.015632291,0.08924405,0.218735418,NA,0.218735418,0.042755483,0.006999533,0.526189921,0.099451703,NA,0.000408306,5.83e-05,0.000233318,NA,"LOW",88.5371465551048,95.9331565950122
"50",NA,676,"20E TAYLOR CORRIDOR",2014,"6330-14230",NA,"LOW",0,"20E",5.951,63.5167,-142.5417,0,0,0,0,0,0,0,0,0,0,0,0,0,0,0,NA,NA,NA,715.0625,1,0,0.001518603,5.84e-05,0.000116816,0.047135097,0.175048186,0.266806845,NA,0.266806845,0.056597161,0.025173763,0.286139828,0.13241049,0.000116816,0.002277904,0.002044273,0.004555809,NA,"LOW",88.5461411584911,99.654838331433
"51",NA,676,"20E TAYLOR CORRIDOR",2014,"6332-14230",NA,"LOW",0,"20E",5.944,63.55,-142.5417,0,0,0,0,0,0,0,0,0,0,0,0,0,0,0,NA,NA,NA,739.5333,1,0,0.008768853,NA,0.000175377,0.09663276,0.202443587,0.270957559,NA,0.270957559,0.114638139,0.010054951,0.148485911,0.136911025,NA,0.001519935,0.003858295,0.005553607,NA,"LOW",88.5551114754185,103.365394896056
"52",0,676,"20E TAYLOR CORRIDOR",2014,"6334-14230",NA,"HIGH",1,"20E",5.937,63.5833,-142.5417,0,0,0,0,0,0,0,0,0,0,0,0,0,0,0,NA,NA,NA,799.2,0.651118436,0,0.02628344,0.000234151,0.002224434,0.392729614,0.070596499,0.123280454,0.000234151,0.123514605,0.064098812,0.002224434,0.067962302,0.249956097,NA,NA,0.000175613,NA,NA,"HIGH",88.5640844288285,107.07596900691
"53",NA,676,"20E TAYLOR CORRIDOR",2014,"6336-14230",NA,"LOW",0,"20E",5.93,63.6167,-142.5417,0,0,0,0,0,0,0,0,0,0,0,0,0,0,0,NA,NA,NA,731.375,0.122979149,0,0.162447257,0.000175809,0.001523676,0.514357712,0.031762775,0.098335677,NA,0.098335677,0.013478669,0.00462963,0.025375059,0.146331458,NA,NA,0.001230661,0.000351617,NA,"LOW",88.5730869733549,110.797703592928
"54",NA,676,"20E TAYLOR CORRIDOR",2014,"6338-14230",NA,"LOW",0,"20E",5.924,63.65,-142.5417,0,0,0,0,0,0,0,0,0,0,0,0,0,0,0,NA,NA,NA,751.6,0.207195094,0,0.109722467,NA,5.87e-05,0.603238866,0.008331866,0.085783019,NA,0.085783019,0.001114827,0.000293376,0.037552074,0.153318078,NA,0.000176025,0.000352051,5.87e-05,NA,"LOW",88.5820651984935,114.508312802903
"55",NA,676,"20E TAYLOR CORRIDOR",2014,"6340-14230",NA,"LOW",0,"20E",5.916,63.6833,-142.5417,0,0,0,0,0,0,0,0,0,0,0,0,0,0,0,NA,NA,NA,818.8666,0,0,0.105955597,5.87e-05,0.005990838,0.829143663,0.013097615,0.002466815,NA,0.002466815,0.000587337,0.004463761,0.006871843,0.031363797,NA,NA,NA,NA,NA,"LOW",88.5910460509722,118.218939513099
"56",NA,676,"20E TAYLOR CORRIDOR",2014,"6400-14230",NA,"LOW",0,"20E",5.847,64.0167,-142.5417,0,0,0,0,0,0,0,0,0,0,0,0,0,0,0,NA,NA,NA,689,0.223271723,0,0.149090477,0.000416122,0.005409583,0.291939127,0.139163001,0.170134348,NA,0.170134348,0.030317441,0.006241826,0.027285697,0.175662822,0.000416122,0.00029723,0.003626204,NA,NA,"LOW",88.6811066162118,155.370740023508
"57",NA,676,"20E TAYLOR CORRIDOR",2014,"6402-14230",NA,"LOW",0,"20E",5.84,64.05,-142.5417,0,0,0,0,0,0,0,0,0,0,0,0,0,0,0,NA,NA,NA,838.3333,0,0,0.196893966,0.003332143,0.015054147,0.413066762,0.123705819,0.091574438,0.000119005,0.091693443,0.004938712,0.007318815,0.000654528,0.142270618,0.00023801,5.95e-05,0.000773533,NA,NA,"LOW",88.6901161992833,159.081558424431
"58",NA,676,"20E TAYLOR CORRIDOR",2014,"6410-14230",NA,"LOW",0,"20E",5.812,64.1833,-142.5417,0,0,0,0,0,0,0,0,0,0,0,0,0,0,0,NA,NA,NA,794.8571,0,0,0.085973933,NA,0.000358723,0.711646538,0.057814182,0.029833792,5.98e-05,0.029893592,0.000358723,0.021104867,0.000298936,0.092430946,NA,NA,0.000119574,NA,NA,"LOW",88.7262074985314,173.93614884393
"59",NA,676,"20E TAYLOR CORRIDOR",2014,"6412-14230",NA,"LOW",0,"20E",5.805,64.2167,-142.5417,0,0,0,0,0,0,0,0,0,0,0,0,0,0,0,NA,NA,NA,945.2353,0,0,0.13127806,NA,0.003771326,0.675127207,0.065130201,0.00724334,5.99e-05,0.00730324,0.001077522,0.012870398,0.00077821,0.102304699,NA,NA,0.000359174,NA,NA,"LOW",88.7352571106614,177.658197594252
"60",NA,676,"20E TAYLOR CORRIDOR",2014,"6414-14230",NA,"HIGH",0,"20E",5.8,64.25,-142.5417,0,0,0,0,0,0,0,0,0,0,0,0,0,0,0,NA,NA,NA,1142.1428,0,0,0.0367907,NA,0.000419438,0.342920487,0.191922823,0.087063335,0.000719036,0.087782371,0.008328839,0.129786087,0.004853496,0.195338247,NA,NA,0.001857511,NA,NA,"HIGH",88.7442822073733,181.369119747316
"61",NA,676,"20E TAYLOR CORRIDOR",2014,"6416-14230",NA,"LOW",0,"20E",5.791,64.2833,-142.5417,0,0,0,0,0,0,0,0,0,0,0,0,0,0,0,NA,NA,NA,996.3571,0,0,0.011222469,NA,NA,0.585608834,0.120866591,0.042489348,0.000120026,0.042609374,0.002880634,0.025565624,0.005041109,0.206025326,NA,NA,0.00018004,NA,NA,"LOW",88.753309876381,185.080059119985
"62",NA,676,"20E TAYLOR CORRIDOR",2014,"6318-14225",NA,"LOW",0,"20E",5.992,63.3167,-142.4583,0,0,0,0,0,0,0,0,0,0,0,0,0,0,0,NA,NA,NA,909.4667,0.445742117,0,0.203328887,0.05393493,0.078176651,0.436640956,0.026677492,0.164530534,0.000173984,0.164704518,0.008583193,NA,0.00191382,0.025865569,5.8e-05,NA,0.000115989,NA,NA,"LOW",92.6710798049887,77.3622176509276
"63",NA,676,"20E TAYLOR CORRIDOR",2014,"6320-14225",NA,"LOW",0,"20E",5.986,63.35,-142.4583,0,0,0,0,0,0,0,0,0,0,0,0,0,0,0,NA,NA,NA,808.8666,0.797150087,0,0.044594124,0.000232261,0.000232261,0.296074788,0.186505632,0.182789455,NA,0.182789455,0.113285333,0.005574265,0.076471954,0.090465683,NA,0.000174196,0.002903263,0.000696783,NA,"LOW",92.6752077453891,81.0726748718629
"64",NA,676,"20E TAYLOR CORRIDOR",2014,"6328-14225",NA,"LOW",0,"20E",5.958,63.4833,-142.4583,0,0,0,0,0,0,0,0,0,0,0,0,0,0,0,NA,NA,NA,767.8823,1,0,0.006533279,NA,NA,0.092865893,0.013766552,0.16922359,NA,0.16922359,0.040482996,0.000524996,0.564078633,0.109782418,NA,NA,0.002741644,NA,NA,"LOW",92.6917441440405,95.9258228320675
"65",NA,676,"20E TAYLOR CORRIDOR",2014,"6330-14225",NA,"LOW",0,"20E",5.951,63.5167,-142.4583,0,0,0,0,0,0,0,0,0,0,0,0,0,0,0,NA,NA,NA,737.9333,1,0,0.000934307,NA,NA,0.085021898,0.073051095,0.263766423,NA,0.263766423,0.065518248,0.006948905,0.392875912,0.107562044,NA,0.000934307,0.00070073,0.002686131,NA,"LOW",92.6958906096488,99.6475109971715
"66",1,676,"20E TAYLOR CORRIDOR",2014,"6332-14225",NA,"HIGH",1,"20E",5.944,63.55,-142.4583,0,0,0,0,0,1,0,0,0,0,1,1,1,0,0,NA,NA,NA,759.0667,0.99024375,0,0.001637235,NA,5.85e-05,0.136709157,0.046310373,0.182142439,NA,0.182142439,0.105660157,0.00304058,0.375570109,0.137469302,NA,NA,0.011402175,NA,NA,"HIGH",92.7000258793363,103.358073981175
"67",NA,676,"20E TAYLOR CORRIDOR",2014,"6348-14225",NA,"LOW",0,"20E",5.888,63.8167,-142.4583,0,0,0,0,0,0,0,0,0,0,0,0,0,0,0,NA,NA,NA,683.7143,0.999998502,0,0.023254441,0.000177064,0.001770643,0.085640087,0.194534616,0.152393319,0.000295107,0.152688426,0.121584135,0.019181963,0.233901906,0.150150505,0.001475536,0.000118043,0.015522635,NA,NA,"LOW",92.7331890212988,133.076638421956
"68",NA,676,"20E TAYLOR CORRIDOR",2014,"6350-14225",NA,"LOW",0,"20E",5.882,63.85,-142.4583,0,0,0,0,0,0,0,0,0,0,0,0,0,0,0,NA,NA,NA,720.7333,1,0,0.001122533,0.000118161,5.91e-05,0.024164008,0.095238095,0.229469455,NA,0.229469455,0.114557486,0.00248139,0.362223798,0.167021151,NA,NA,0.003544842,NA,NA,"LOW",92.7373351900243,136.787359015251
"69",NA,676,"20E TAYLOR CORRIDOR",2014,"6354-14225",NA,"LOW",0,"20E",5.868,63.9167,-142.4583,0,0,0,0,0,0,0,0,0,0,0,0,0,0,0,NA,NA,NA,803.4286,1,0,0.001836058,5.92e-05,NA,0.079424307,0.056147832,0.158907842,0.000177683,0.159085525,0.156834873,0.001717602,0.402688936,0.135512912,NA,NA,0.006692727,NA,NA,"LOW",92.745643594331,144.219995874307
"70",NA,676,"20E TAYLOR CORRIDOR",2014,"6356-14225",NA,"LOW",0,"20E",5.861,63.95,-142.4583,0,0,0,0,0,0,0,0,0,0,0,0,0,0,0,NA,NA,NA,810.5333,1,0,0.005455408,NA,5.93e-05,0.167516603,0.094580171,0.135317837,NA,0.135317837,0.109997628,0.005040323,0.296370968,0.167575901,NA,NA,0.018085863,NA,NA,"LOW",92.7497933707141,147.930768725348
"71",NA,676,"20E TAYLOR CORRIDOR",2014,"6358-14225",NA,"LOW",0,"20E",5.854,63.9833,-142.4583,0,0,0,0,0,0,0,0,0,0,0,0,0,0,0,NA,NA,NA,917.0625,1,0,0,NA,NA,0.02618143,0.068985989,0.130372833,NA,0.130372833,0.292863928,0.001721681,0.323854191,0.141830919,NA,NA,0.014189029,NA,NA,"LOW",92.7539443456295,151.641558947083
"72",NA,676,"20E TAYLOR CORRIDOR",2014,"6400-14225",NA,"LOW",0,"20E",5.847,64.0167,-142.4583,0,0,0,0,0,0,0,0,0,0,0,0,0,0,0,NA,NA,NA,831.2,0.850757422,0,0.044571225,0.000297141,0.000772568,0.257859393,0.0436798,0.152552445,NA,0.152552445,0.103167528,0.000297141,0.201402508,0.182860878,NA,NA,0.012539371,NA,NA,"LOW",92.7581089884552,155.363510116339
"73",NA,676,"20E TAYLOR CORRIDOR",2014,"6402-14225",NA,"LOW",0,"20E",5.84,64.05,-142.4583,0,0,0,0,0,0,0,0,0,0,0,0,0,0,0,NA,NA,NA,745.5,0.684140252,0,0.084211153,0.000357079,0.006665476,0.354698566,0.058322919,0.098256264,5.95e-05,0.098315764,0.021603285,0.000833185,0.181515206,0.166339344,5.95e-05,0.000833185,0.025947747,0.000297566,NA,"LOW",92.7622623597977,159.074335084703
"74",NA,676,"20E TAYLOR CORRIDOR",2014,"6408-14225",NA,"LOW",0,"20E",5.819,64.15,-142.4583,0,0,0,0,0,0,0,0,0,0,0,0,0,0,0,NA,NA,NA,917.9333,0.179551769,0,0.01027111,NA,0.001134599,0.605696883,0.08802102,0.070763167,0.000656873,0.07142004,0.03684462,0.01349576,0.036964051,0.129941479,NA,NA,0.006210438,NA,NA,"LOW",92.7747421191171,170.218057670341
"75",NA,676,"20E TAYLOR CORRIDOR",2014,"6410-14225",NA,"LOW",0,"20E",5.812,64.1833,-142.4583,0,0,0,0,0,0,0,0,0,0,0,0,0,0,0,NA,NA,NA,779.25,0.111896861,0,0.076780482,NA,0.000119596,0.692758476,0.077019674,0.026191473,NA,0.026191473,0.008371704,0.025055313,0.005800395,0.082222089,NA,NA,0.005680799,NA,NA,"LOW",92.7789002627736,173.928951891638
"76",NA,676,"20E TAYLOR CORRIDOR",2014,"6412-14225",NA,"LOW",0,"20E",5.805,64.2167,-142.4583,0,0,0,0,0,0,0,0,0,0,0,0,0,0,0,NA,NA,NA,959.2857,0.011290703,0,0.017360072,0.000299312,0.000718348,0.479018258,0.25219994,0.099850344,0.000179587,0.100029931,0.017360072,0.010416043,0.001017659,0.120203532,NA,NA,0.001376833,NA,NA,"LOW",92.7830720873606,177.651007278178
"77",NA,676,"20E TAYLOR CORRIDOR",2014,"6416-14225",NA,"LOW",0,"20E",5.791,64.2833,-142.4583,0,0,0,0,0,0,0,0,0,0,0,0,0,0,0,NA,NA,NA,1148.125,0,0,0.03150126,NA,0.00150006,0.288971559,0.239349574,0.114904596,0.001560062,0.116464658,0.094683787,0.054962198,0.028621145,0.113284531,NA,NA,0.030661226,NA,NA,"LOW",92.7913943194196,185.072882065865
"78",NA,676,"20E TAYLOR CORRIDOR",2014,"6406-14220",NA,"HIGH",0,"20E",5.826,64.1167,-142.375,0,0,0,0,0,0,0,0,0,0,0,0,0,0,0,NA,NA,NA,762.2,0.466602264,0,0.067986641,0.001968034,0.003339695,0.412631202,0.158635496,0.118916985,5.96e-05,0.118976585,0.079437023,0.001073473,0.046755725,0.106870229,0.000834924,0.000417462,0.001073473,NA,NA,"HIGH",96.8281336682472,166.505289738593
"79",NA,676,"20E TAYLOR CORRIDOR",2014,"6404-14220",NA,"LOW",0,"20E",5.833,64.0833,-142.375,0,0,0,0,0,0,0,0,0,0,0,0,0,0,0,NA,NA,NA,688.1334,0.813915458,0,0.061714422,NA,0.003216775,0.235003276,0.064275928,0.133913147,NA,0.133913147,0.024364091,0.002382796,0.309227378,0.153035087,0.00011914,0.001846667,0.010603443,0.00029785,NA,"LOW",96.8288331797618,162.783284656989
"80",NA,676,"20E TAYLOR CORRIDOR",2014,"6402-14220",NA,"LOW",0,"20E",5.84,64.05,-142.375,0,0,0,0,0,0,0,0,0,0,0,0,0,0,0,NA,NA,NA,891.375,0.868290888,0,0.023205998,NA,0.004760205,0.327085565,0.039390694,0.070986552,0.00047602,0.071462572,0.074378198,0.010591455,0.265678924,0.121325717,NA,NA,0.062120671,NA,NA,"LOW",96.8295303964395,159.072440639843
"81",NA,676,"20E TAYLOR CORRIDOR",2014,"6348-14220",NA,"HIGH",0,"20E",5.888,63.8167,-142.375,0,0,0,0,0,0,0,0,0,0,0,0,0,0,0,NA,NA,NA,642.6667,0.195246227,0.441404172,0.175575221,5.9e-05,0.003480826,0.511386431,0.074218289,0.064247788,5.9e-05,0.064306788,0.02359882,0.005427729,0.030324484,0.108259587,0.000294985,0.000235988,0.002831858,NA,NA,"HIGH",96.8344094663979,133.074731963959
"82",NA,676,"20E TAYLOR CORRIDOR",2014,"6340-14220",NA,"LOW",0,"20E",5.916,63.6833,-142.375,0,0,0,0,0,0,0,0,0,0,0,0,0,0,0,NA,NA,NA,816,0.154676908,0,0.151230399,NA,NA,0.662242321,0.040817525,0.018323839,5.87e-05,0.018382539,0.001468256,0.008398426,0.008985729,0.108416045,NA,NA,5.87e-05,NA,NA,"LOW",96.8371948467914,118.209731124164
"83",NA,676,"20E TAYLOR CORRIDOR",2014,"6338-14220",NA,"LOW",0,"20E",5.924,63.65,-142.375,0,0,0,0,0,0,0,0,0,0,0,0,0,0,0,NA,NA,NA,788.1875,0.92358749,0,0.008504399,NA,NA,0.236129032,0.072082111,0.132140762,NA,0.132140762,0.090615836,0.006744868,0.330087977,0.118064516,NA,NA,0.005630499,NA,NA,"LOW",96.8378896403062,114.499096260929
"84",NA,676,"20E TAYLOR CORRIDOR",2014,"6334-14220",NA,"LOW",0,"20E",5.937,63.5833,-142.375,0,0,0,0,0,0,0,0,0,0,0,0,0,0,0,NA,NA,NA,881.8,1,0,0.000292603,NA,NA,0.053019663,0.036575375,0.123771067,NA,0.123771067,0.193293539,0.001111891,0.473373127,0.099719101,NA,NA,0.018843633,NA,NA,"LOW",96.8392807022483,107.066736171954
"85",NA,676,"20E TAYLOR CORRIDOR",2014,"6332-14220",NA,"LOW",0,"20E",5.944,63.55,-142.375,0,0,0,0,0,0,0,0,0,0,0,0,0,0,0,NA,NA,NA,863.375,1,0,0.011982698,NA,NA,0.109188684,0.044248305,0.079728782,NA,0.079728782,0.158756137,0.002104279,0.471942951,0.102992752,NA,NA,0.019055413,NA,NA,"LOW",96.8399748846535,103.356153945605
"86",NA,676,"20E TAYLOR CORRIDOR",2014,"6330-14220",NA,"LOW",0,"20E",5.951,63.5167,-142.375,0,0,0,0,0,0,0,0,0,0,0,0,0,0,0,NA,NA,NA,783.8666,1,0,0.016992701,NA,NA,0.255065693,0.029839416,0.158773723,NA,0.158773723,0.103416058,0.000759124,0.333547445,0.097927007,NA,NA,0.003678832,NA,NA,"LOW",96.8406688630879,99.6455892780125
"87",NA,676,"20E TAYLOR CORRIDOR",2014,"6328-14220",NA,"LOW",0,"20E",5.958,63.4833,-142.375,0,0,0,0,0,0,0,0,0,0,0,0,0,0,0,NA,NA,NA,727.5333,1,0,0.011197947,NA,NA,0.332555698,0.068120845,0.185815934,NA,0.185815934,0.038259652,0.017205179,0.234165403,0.112387729,NA,5.83e-05,0.000116645,0.000116645,NA,"LOW",96.8413647204143,95.9238994268803
"88",NA,676,"20E TAYLOR CORRIDOR",2014,"6326-14220",NA,"LOW",0,"20E",5.965,63.45,-142.375,0,0,0,0,0,0,0,0,0,0,0,0,0,0,0,NA,NA,NA,746.4375,1,0,0.06430194,NA,NA,0.339390762,0.125866387,0.11427573,NA,0.11427573,0.01188188,0.031393791,0.214339798,0.095288019,NA,0.001048401,0.000291223,0.001922069,NA,"LOW",96.8420582895867,92.2133699754793
"89",NA,676,"20E TAYLOR CORRIDOR",2014,"6318-14220",NA,"LOW",0,"20E",5.992,63.3167,-142.375,0,0,0,0,0,0,0,0,0,0,0,0,0,0,0,NA,NA,NA,751.0667,0.944678734,0,0.191627529,0.004290601,0.009856787,0.440134516,0.043601786,0.107380994,NA,0.107380994,0.030324114,0.006030034,0.078332464,0.088305213,NA,NA,0.000115962,NA,NA,"LOW",96.8448325971686,77.3602858749945
"90",NA,676,"20E TAYLOR CORRIDOR",2014,"6316-14220",NA,"LOW",0,"20E",5.999,63.2833,-142.375,0,0,0,0,0,0,0,0,0,0,0,0,0,0,0,NA,NA,NA,752.0625,0.962923418,0,0.156096148,0.001911381,0.008398494,0.324876919,0.052070663,0.133565016,NA,0.133565016,0.032956849,0.004923255,0.186272806,0.096669563,NA,NA,0.002258905,NA,NA,"LOW",96.8455272193836,73.6387022119695
"91",NA,676,"20E TAYLOR CORRIDOR",2014,"6412-14215",NA,"LOW",0,"20E",5.805,64.2167,-142.2917,0,0,0,0,0,0,0,0,0,0,0,0,0,0,0,NA,NA,NA,1128.4375,0,0,0.071236157,NA,0.001316971,0.367375037,0.175396588,0.092547142,0.003232565,0.095779707,0.044836875,0.046093984,0.010894942,0.173720443,NA,NA,0.013349297,NA,NA,"LOW",100.869003390826,177.652528443749
"92",NA,676,"20E TAYLOR CORRIDOR",2014,"6408-14215",NA,"LOW",0,"20E",5.819,64.15,-142.2917,0,0,0,0,0,0,0,0,0,0,0,0,0,0,0,NA,NA,NA,784.8,0.179904033,0,0.173494983,5.97e-05,0.010033445,0.602365026,0.049092212,0.051660296,NA,0.051660296,0.014512661,0.008958433,0.020007167,0.06933827,NA,NA,0.000477783,NA,NA,"LOW",100.880129219892,170.219581637523
"93",0,676,"20E TAYLOR CORRIDOR",2014,"6404-14215",NA,"LOW",1,"20E",5.833,64.0833,-142.2917,0,0,0,0,0,0,0,0,0,0,0,0,0,0,0,NA,NA,NA,843.9333,0.911746918,0,0.009532888,NA,0.001310772,0.274189704,0.010247855,0.091396568,NA,0.091396568,0.063274547,0.000655386,0.326680172,0.201978074,NA,NA,0.020734032,NA,NA,"LOW",100.891248671873,162.786704137364
"94",NA,676,"20E TAYLOR CORRIDOR",2014,"6356-14215",NA,"LOW",0,"20E",5.861,63.95,-142.2917,0,0,0,0,0,0,0,0,0,0,0,0,0,0,0,NA,NA,NA,722,0.991173884,0,0.001067299,NA,NA,0.042276905,0.175511414,0.272813519,NA,0.272813519,0.140171954,0.031307441,0.179306256,0.155884969,NA,NA,0.001660243,NA,NA,"LOW",100.913451737175,147.932301043421
"95",NA,676,"20E TAYLOR CORRIDOR",2014,"6354-14215",NA,"LOW",0,"20E",5.868,63.9167,-142.2917,0,0,0,0,0,0,0,0,0,0,0,0,0,0,0,NA,NA,NA,633.5625,1,0,0.000532986,NA,NA,0.023806704,0.127679735,0.258971929,NA,0.258971929,0.152907734,0.003908563,0.26714438,0.157586166,NA,5.92e-05,0.00722492,0.000177662,NA,"LOW",100.918994339685,144.221529575539
"96",NA,676,"20E TAYLOR CORRIDOR",2014,"6352-14215",NA,"LOW",0,"20E",5.875,63.8833,-142.2917,0,0,0,0,0,0,0,0,0,0,0,0,0,0,0,NA,NA,NA,647.6429,0.992357317,0,0.02922731,5.92e-05,0.003668205,0.123003195,0.106792096,0.186131819,0.000236658,0.186368477,0.079517217,0.007454739,0.245828896,0.200153828,0.000295823,0.000118329,0.01751272,NA,NA,"LOW",100.924551976734,140.499632112386
"97",NA,676,"20E TAYLOR CORRIDOR",2014,"6348-14215",NA,"HIGH",0,"20E",5.888,63.8167,-142.2917,0,0,0,0,0,0,0,0,0,0,0,0,0,0,0,NA,NA,NA,755.4375,0.66644953,0.05503574,0.162141424,0.000767324,0.013339629,0.355920198,0.038897415,0.136347539,NA,0.136347539,0.023550938,0.001239523,0.162200449,0.102113092,NA,NA,0.00348247,NA,NA,"HIGH",100.935629151166,133.078176264318
"98",NA,676,"20E TAYLOR CORRIDOR",2014,"6346-14215",NA,"HIGH",0,"20E",5.895,63.7833,-142.2917,0,0,0,0,0,0,0,0,0,0,0,0,0,0,0,NA,NA,NA,859.3571,0.504751295,0.017282861,0.080803913,0.001414511,0.00371309,0.361878941,0.099546178,0.098544233,0.000176814,0.098721047,0.080391348,0.008251311,0.188129899,0.062651028,NA,NA,0.014498733,NA,NA,"HIGH",100.941181949558,129.356331256393
"99",NA,676,"20E TAYLOR CORRIDOR",2014,"6344-14215",NA,"HIGH",0,"20E",5.902,63.75,-142.2917,0,0,0,0,0,0,0,0,0,0,0,0,0,0,0,NA,NA,NA,926.75,0.008926265,0,0.076026147,0.001001119,0.006418939,0.545079795,0.11448089,0.121194276,0.000647783,0.121842059,0.014957894,0.025793534,0.017725693,0.051822625,0.000117779,NA,0.024733526,NA,NA,"HIGH",100.946716510177,125.645646969498
"100",NA,676,"20E TAYLOR CORRIDOR",2014,"6342-14215",NA,"LOW",0,"20E",5.909,63.7167,-142.2917,0,0,0,0,0,0,0,0,0,0,0,0,0,0,0,NA,NA,NA,936.5333,0.322455734,0,0.036516524,NA,0.000470422,0.448606374,0.102199224,0.068093614,0.000646831,0.068740445,0.083970363,0.020228155,0.146066094,0.079854169,NA,NA,0.01334823,NA,NA,"LOW",100.952249458706,121.93498014437
"101",NA,676,"20E TAYLOR CORRIDOR",2014,"6340-14215",NA,"LOW",0,"20E",5.916,63.6833,-142.2917,0,0,0,0,0,0,0,0,0,0,0,0,0,0,0,NA,NA,NA,950.8,0,0,0.07713094,0.000117488,0.00187981,0.679962404,0.039945955,0.111085003,0.000117488,0.111202491,0.03871233,0.011807554,0.001644833,0.036656289,NA,NA,0.000939905,NA,NA,"LOW",100.957797401451,118.213187731639
"102",NA,676,"20E TAYLOR CORRIDOR",2014,"6334-14215",NA,"LOW",0,"20E",5.937,63.5833,-142.2917,0,0,0,0,0,0,0,0,0,0,0,0,0,0,0,NA,NA,NA,860,0.999744856,0,0.001053556,NA,NA,0.067076383,0.057126134,0.123148961,NA,0.123148961,0.187415862,0.007023705,0.447000293,0.09768803,NA,NA,0.012467076,NA,NA,"LOW",100.974398281582,107.070201955868
"103",NA,676,"20E TAYLOR CORRIDOR",2014,"6332-14215",NA,"LOW",0,"20E",5.944,63.55,-142.2917,0,0,0,0,0,0,0,0,0,0,0,0,0,0,0,NA,NA,NA,822.5,1,0,0.02046305,NA,5.85e-05,0.200771749,0.080507484,0.153005145,NA,0.153005145,0.125643124,0.008126754,0.246842844,0.164055192,NA,0.000175398,0.000350795,NA,NA,"LOW",100.979923131776,103.359622775876
"104",5,676,"20E TAYLOR CORRIDOR",2014,"6330-14215",NA,"LOW",1,"20E",5.951,63.5167,-142.2917,0,0,0,0,1,4,0,0,0,0,5,5,4,1,0,NA,NA,NA,767.0667,1,0,0.001284822,NA,NA,0.06786194,0.084798225,0.301115459,NA,0.301115459,0.085323833,0.009168954,0.28452958,0.165741984,NA,NA,0.000175203,NA,NA,"LOW",100.985446358618,99.649061149939
"105",NA,676,"20E TAYLOR CORRIDOR",2014,"6328-14215",NA,"LOW",0,"20E",5.958,63.4833,-142.2917,0,0,0,0,0,0,0,0,0,0,0,0,0,0,0,NA,NA,NA,723.6,0.996723641,0,0.009158257,5.83e-05,0.000116666,0.095899201,0.182640145,0.392930059,5.83e-05,0.392988359,0.016858193,0.047599603,0.095432538,0.139415505,NA,0.004316631,0.003149974,0.012366564,NA,"LOW",100.990984539169,95.9273743448704
"106",NA,676,"20E TAYLOR CORRIDOR",2014,"6326-14215",NA,"LOW",0,"20E",5.965,63.45,-142.2917,0,0,0,0,0,0,0,0,0,0,0,0,0,0,0,NA,NA,NA,822.647,0.594710225,0,0.27993009,NA,0.000582581,0.616370521,0.000757355,0.010544713,NA,0.010544713,0.00029129,NA,0.054238276,0.037285173,NA,NA,NA,NA,NA,"LOW",100.996504508794,92.2168479256965
"107",NA,676,"20E TAYLOR CORRIDOR",2014,"6320-14215",NA,"LOW",0,"20E",5.986,63.35,-142.2917,0,0,0,0,0,0,0,0,0,0,0,0,0,0,0,NA,NA,NA,888.9375,0.998509941,0,0.060906927,0.002554723,0.015154154,0.277884225,0.11403356,0.219473959,5.81e-05,0.219532059,0.076351391,0.001683795,0.102421181,0.128723219,NA,NA,0.000754805,NA,NA,"LOW",101.013071195655,81.0742317915009
"108",1,676,"20E TAYLOR CORRIDOR",2014,"6318-14215",NA,"LOW",1,"20E",5.992,63.3167,-142.2917,0,0,0,0,1,0,0,0,0,0,1,1,0,1,0,NA,NA,NA,747.9333,0.93795254,0,0.204628502,0.001334029,0.005220115,0.361521953,0.098312163,0.13456296,NA,0.13456296,0.027840612,0.018328403,0.018792413,0.122556696,NA,0.002204048,0.000406009,0.004292094,NA,"LOW",101.018584633234,77.363775915985
"109",NA,676,"20E TAYLOR CORRIDOR",2014,"6316-14215",NA,"LOW",0,"20E",5.999,63.2833,-142.2917,0,0,0,0,0,0,0,0,0,0,0,0,0,0,0,NA,NA,NA,721.1334,0.46495902,0,0.111844773,NA,0.000173762,0.367506516,0.035968723,0.13397046,NA,0.13397046,0.024558355,0.005676224,0.193628729,0.125571966,NA,0.000521286,0.000231683,0.000347524,NA,"LOW",101.024112983838,73.6421952705924
"110",3,676,"20E TAYLOR CORRIDOR",2014,"6414-14210",NA,"LOW",1,"20E",5.8,64.25,-142.2083,1,0,1,1,0,0,0,0,0,0,3,3,0,3,0,NA,NA,NA,1287.6,0,0,0.004433793,NA,0.005811863,0.159556621,0.081665668,0.122408628,0.00107849,0.123487118,0.099101258,0.053744757,0.198202516,0.027801078,NA,NA,0.246195327,NA,NA,"LOW",104.906394544258,181.372161099736
"111",NA,676,"20E TAYLOR CORRIDOR",2014,"6412-14210",NA,"LOW",0,"20E",5.805,64.2167,-142.2083,0,0,0,0,0,0,0,0,0,0,0,0,0,0,0,NA,NA,NA,1155.5333,0,0,0.055555556,NA,0.001137452,0.261673851,0.254430077,0.141762452,0.00131705,0.143079502,0.082555077,0.055854885,0.028436303,0.0963841,NA,NA,0.020893199,NA,NA,"LOW",104.916816074693,177.661241751968
"112",NA,676,"20E TAYLOR CORRIDOR",2014,"6410-14210",NA,"LOW",0,"20E",5.812,64.1833,-142.2083,0,0,0,0,0,0,0,0,0,0,0,0,0,0,0,NA,NA,NA,959.9333,0,0,0.018415546,NA,0.001913303,0.645022422,0.144215247,0.014529148,0.000119581,0.014648729,0.000179372,0.019252616,0.000956652,0.155396114,NA,NA,NA,NA,NA,"LOW",104.927265913775,173.939195811221
"113",NA,676,"20E TAYLOR CORRIDOR",2014,"6408-14210",NA,"LOW",0,"20E",5.819,64.15,-142.2083,0,0,0,0,0,0,0,0,0,0,0,0,0,0,0,NA,NA,NA,853.7333,0,0,0.179804132,0.000238863,0.009614236,0.599725308,0.071420041,0.037382061,NA,0.037382061,0.000955452,0.010509973,0.000537442,0.089812493,NA,NA,NA,NA,NA,"LOW",104.937681484073,170.228310993531
"114",NA,676,"20E TAYLOR CORRIDOR",2014,"6404-14210",NA,"LOW",0,"20E",5.833,64.0833,-142.2083,0,0,0,0,0,0,0,0,0,0,0,0,0,0,0,NA,NA,NA,857.3333,1,0,0.003634197,NA,NA,0.136312183,0.036997319,0.155555556,NA,0.155555556,0.090974084,0.002085195,0.344891272,0.214000596,NA,NA,0.015549598,NA,NA,"LOW",104.958534933983,162.79544949369
"115",2,676,"20E TAYLOR CORRIDOR",2014,"6356-14210",NA,"LOW",1,"20E",5.861,63.95,-142.2083,0,0,0,0,0,0,1,0,0,0,2,1,1,0,1,NA,NA,NA,645.9286,1,0,0.000118589,NA,NA,0.123450934,0.081944856,0.283012155,NA,0.283012155,0.11692855,0.009072043,0.229706493,0.155469908,NA,NA,0.000296472,NA,NA,"LOW",105.000174622286,147.941078233822
"116",NA,676,"20E TAYLOR CORRIDOR",2014,"6354-14210",NA,"LOW",0,"20E",5.868,63.9167,-142.2083,0,0,0,0,0,0,0,0,0,0,0,0,0,0,0,NA,NA,NA,606.25,1,0,0.003198294,NA,NA,0.233949301,0.097074153,0.296967543,NA,0.296967543,0.09257285,0.003672116,0.105662165,0.166370528,NA,NA,0.000533049,NA,NA,"LOW",105.010569234004,144.230314688757
"117",NA,676,"20E TAYLOR CORRIDOR",2014,"6352-14210",NA,"LOW",0,"20E",5.875,63.8833,-142.2083,0,0,0,0,0,0,0,0,0,0,0,0,0,0,0,NA,NA,NA,614.3333,1,0,0.007453857,NA,0.000118315,0.078797918,0.120444865,0.434571699,NA,0.434571699,0.044131566,0.008282063,0.05880265,0.245444865,5.92e-05,0.000177473,0.00171557,NA,NA,"LOW",105.020992041571,140.508425160252
"118",NA,676,"20E TAYLOR CORRIDOR",2014,"6348-14210",NA,"LOW",0,"20E",5.888,63.8167,-142.2083,0,0,0,0,0,0,0,0,0,0,0,0,0,0,0,NA,NA,NA,800.875,0.883100136,0.101925301,0.008204462,0.000295125,0.005312242,0.152225239,0.176956676,0.282906386,NA,0.282906386,0.116928344,0.005253217,0.139593909,0.109727305,NA,NA,0.002597096,NA,NA,"LOW",105.041766204586,133.086985098167
"119",NA,676,"20E TAYLOR CORRIDOR",2014,"6346-14210",NA,"LOW",0,"20E",5.895,63.7833,-142.2083,0,0,0,0,0,0,0,0,0,0,0,0,0,0,0,NA,NA,NA,809,0.050632749,0.446057979,0.100618921,0.001709402,0.007014441,0.579664014,0.086707928,0.057471264,0.000471559,0.057942823,0.012260536,0.005246095,0.01556145,0.130857648,0.000176835,NA,0.002239906,NA,NA,"LOW",105.052179937822,129.365147988962
"120",NA,676,"20E TAYLOR CORRIDOR",2014,"6344-14210",NA,"LOW",0,"20E",5.902,63.75,-142.2083,0,0,0,0,0,0,0,0,0,0,0,0,0,0,0,NA,NA,NA,960.5333,0,0,0.145657933,0.000942008,0.005416544,0.528584045,0.049573153,0.10403297,0.000824257,0.104857227,0.070944951,0.040447454,0.006299676,0.037327053,NA,NA,0.009949956,NA,NA,"LOW",105.062559467922,125.65447156517
"121",NA,676,"20E TAYLOR CORRIDOR",2014,"6332-14210",NA,"LOW",0,"20E",5.944,63.55,-142.2083,0,0,0,0,0,0,0,0,0,0,0,0,0,0,0,NA,NA,NA,891.2,0.593138427,0,0.161716558,0.000467727,0.005086529,0.238540692,0.055776427,0.175923761,NA,0.175923761,0.096293265,0.002747895,0.195802152,0.066651076,NA,NA,0.00099392,NA,NA,"LOW",105.124835257464,103.368494345387
"122",NA,676,"20E TAYLOR CORRIDOR",2014,"6330-14210",NA,"LOW",0,"20E",5.951,63.5167,-142.2083,0,0,0,0,0,0,0,0,0,0,0,0,0,0,0,NA,NA,NA,732.2,0.550138229,0,0.035451466,NA,NA,0.352470506,0.139177666,0.140988202,0.000175213,0.141163415,0.048417241,0.026982829,0.115991123,0.138418409,NA,0.000876066,0.000175213,0.000876066,NA,"LOW",105.135193532401,99.6579404985383
"123",NA,676,"20E TAYLOR CORRIDOR",2014,"6328-14210",NA,"LOW",0,"20E",5.958,63.4833,-142.2083,0,0,0,0,0,0,0,0,0,0,0,0,0,0,0,NA,NA,NA,749.6875,0.125272139,0,0.262890807,NA,0.000641624,0.672363509,0.006416239,0.013999067,NA,0.013999067,0.000349977,0.000874942,0.016448903,0.025956603,NA,NA,5.83e-05,NA,NA,"LOW",105.145579851601,95.9362614838295
"124",NA,676,"20E TAYLOR CORRIDOR",2014,"6326-14210",NA,"LOW",0,"20E",5.965,63.45,-142.2083,0,0,0,0,0,0,0,0,0,0,0,0,0,0,0,NA,NA,NA,861,0,0,0.343587951,0.000582649,0.00442813,0.62209404,0.005185574,0.016081105,NA,0.016081105,5.83e-05,NA,NA,0.007982287,NA,NA,NA,NA,NA,"LOW",105.155932018014,92.2257428196277
"125",0,676,"20E TAYLOR CORRIDOR",2014,"6320-14210",NA,"HIGH",1,"20E",5.986,63.35,-142.2083,0,0,0,0,0,0,0,0,0,0,0,0,0,0,0,NA,NA,NA,820.5625,0.791868335,0.081980361,0.113504412,0.012018114,0.021075244,0.368149094,0.092951695,0.182361821,5.81e-05,0.182419921,0.066302833,0.000928936,0.050220622,0.0919647,5.81e-05,NA,0.00040641,NA,NA,"HIGH",105.187001228906,81.0831499011386
"126",NA,676,"20E TAYLOR CORRIDOR",2014,"6318-14210",NA,"LOW",0,"20E",5.992,63.3167,-142.2083,0,0,0,0,0,0,0,0,0,0,0,0,0,0,0,NA,NA,NA,784.8,0.896527069,0,0.268224787,0.011134953,0.017398365,0.451661544,0.057414603,0.102650351,NA,0.102650351,0.006205417,0.006901351,0.000869918,0.075798875,NA,0.000405962,0.000463956,0.000869918,NA,"LOW",105.197341145235,77.3727017322769
"127",NA,676,"20E TAYLOR CORRIDOR",2014,"6316-14210",NA,"LOW",0,"20E",5.999,63.2833,-142.2083,0,0,0,0,0,0,0,0,0,0,0,0,0,0,0,NA,NA,NA,700.3125,0.8642373,0,0.236749117,0.000521346,0.004576261,0.429125876,0.062851185,0.095927707,NA,0.095927707,0.007298847,0.005792736,0.024503273,0.126976771,NA,0.001795748,0.000926838,0.002954295,NA,"LOW",105.207709029526,73.6511288045291
"128",NA,676,"20E TAYLOR CORRIDOR",2014,"6410-14205",NA,"LOW",0,"20E",5.812,64.1833,-142.125,0,0,0,0,0,0,0,0,0,0,0,0,0,0,0,NA,NA,NA,925.1875,0,0,0.048484486,NA,0.000239134,0.685478568,0.133556525,0.02152209,NA,0.02152209,0.000777187,0.010581694,0.000896754,0.097028756,NA,NA,0.001434806,NA,NA,"LOW",108.975085653719,173.953207505613
"129",NA,676,"20E TAYLOR CORRIDOR",2014,"6408-14205",NA,"LOW",0,"20E",5.819,64.15,-142.125,0,0,0,0,0,0,0,0,0,0,0,0,0,0,0,NA,NA,NA,841.3333,0,0,0.082940228,0.0024482,0.002866185,0.556278736,0.10210784,0.124141637,5.97e-05,0.124201337,0.003224458,0.005254672,NA,0.12067833,NA,NA,NA,NA,NA,"LOW",108.9903571898,170.242335550293
"130",NA,676,"20E TAYLOR CORRIDOR",2014,"6406-14205",NA,"HIGH",0,"20E",5.826,64.1167,-142.125,0,0,0,0,0,0,0,0,0,0,0,0,0,0,0,NA,NA,NA,609.2143,0.325756157,0,0.104484733,0.000357824,0.007275763,0.433862118,0.095718034,0.142652672,NA,0.142652672,0.02528626,0.004174618,0.055522424,0.118380248,0.000178912,0.00459208,0.007037214,0.000477099,NA,"HIGH",109.005624355285,166.531480838741
"131",NA,676,"20E TAYLOR CORRIDOR",2014,"6404-14205",NA,"LOW",0,"20E",5.833,64.0833,-142.125,0,0,0,0,0,0,0,0,0,0,0,0,0,0,0,NA,NA,NA,669,0.999256924,0,0.024541339,NA,0.000357398,0.096259233,0.162497022,0.253157017,NA,0.253157017,0.094293543,0.010245413,0.252501787,0.097033595,NA,0.000297832,0.008815821,NA,NA,"LOW",109.020932972601,162.809499756637
"132",NA,676,"20E TAYLOR CORRIDOR",2014,"6400-14205",NA,"LOW",0,"20E",5.847,64.0167,-142.125,0,0,0,0,0,0,0,0,0,0,0,0,0,0,0,NA,NA,NA,730.2857,1,0,5.94e-05,NA,NA,0.044816928,0.122028055,0.218437946,NA,0.218437946,0.130171184,0.01830718,0.312410842,0.148002853,NA,NA,0.005765573,NA,NA,"LOW",109.051445377621,155.38787679726
"133",0,676,"20E TAYLOR CORRIDOR",2014,"6358-14205",NA,"HIGH",1,"20E",5.854,63.9833,-142.125,0,0,0,0,0,0,0,0,0,0,0,0,0,0,0,NA,NA,NA,696.8125,1,0,0,NA,NA,0.025878443,0.149810066,0.206612061,NA,0.206612061,0.1334283,0.018577873,0.278964862,0.183107787,NA,NA,0.003620608,NA,NA,"HIGH",109.066740783758,151.665947795373
"134",NA,676,"20E TAYLOR CORRIDOR",2014,"6356-14205",NA,"HIGH",0,"20E",5.861,63.95,-142.125,0,0,0,0,0,0,0,0,0,0,0,0,0,0,0,NA,NA,NA,617.5333,0.974162084,0.025837916,0,NA,NA,0.053002905,0.18906741,0.380387739,NA,0.380387739,0.064563941,0.008063082,0.060058102,0.244797534,5.93e-05,NA,NA,NA,NA,"HIGH",109.081985992152,147.955179641531
"135",NA,676,"20E TAYLOR CORRIDOR",2014,"6354-14205",NA,"LOW",0,"20E",5.868,63.9167,-142.125,0,0,0,0,0,0,0,0,0,0,0,0,0,0,0,NA,NA,NA,622.8,0.567435463,0.432564537,0.02149328,0.00011842,0.000532891,0.270057434,0.129255729,0.263129848,0.000236841,0.263366689,0.04346024,0.005565753,0.042572088,0.221623542,0.00011842,0.00011842,0.001717094,NA,NA,"LOW",109.097226798854,144.244428825298
"136",NA,676,"20E TAYLOR CORRIDOR",2014,"6352-14205",NA,"LOW",0,"20E",5.875,63.8833,-142.125,0,0,0,0,0,0,0,0,0,0,0,0,0,0,0,NA,NA,NA,640.6875,1,0,0.002602472,0.001005501,0.001656119,0.087892589,0.080972378,0.530312888,NA,0.530312888,0.021174661,0.00366712,0.055420832,0.214940557,NA,NA,0.000354883,NA,NA,"LOW",109.112508947006,140.522552044633
"137",0,676,"20E TAYLOR CORRIDOR",2014,"6346-14205",NA,"HIGH",1,"20E",5.895,63.7833,-142.125,0,0,0,0,0,0,0,0,0,0,0,0,0,0,0,NA,NA,NA,857.5,0,0.931308216,0.012376238,0.002534182,0.008074022,0.526697313,0.115157944,0.147866572,0.002475248,0.15034182,0.007366808,0.003241396,0.001414427,0.170792079,0.001944837,NA,5.89e-05,NA,NA,"HIGH",109.158237322293,129.379312925293
"138",NA,676,"20E TAYLOR CORRIDOR",2014,"6344-14205",NA,"LOW",0,"20E",5.902,63.75,-142.125,0,0,0,0,0,0,0,0,0,0,0,0,0,0,0,NA,NA,NA,841.6667,0,0.009496429,0.247453636,0.000235502,0.005652046,0.698734177,0.007536061,0.007889314,0.000235502,0.008124816,0.000117751,0.000412128,0.003179276,0.028436856,NA,NA,0.000117751,NA,NA,"LOW",109.173456016393,125.668649134399
"139",NA,676,"20E TAYLOR CORRIDOR",2014,"6342-14205",NA,"LOW",0,"20E",5.909,63.7167,-142.125,0,0,0,0,0,0,0,0,0,0,0,0,0,0,0,NA,NA,NA,833.8,0,0,0.148979952,0.001411018,0.002586866,0.686989241,0.018460815,0.071667941,0.000352754,0.072020695,0.011405726,0.00293962,5.88e-05,0.055147275,NA,NA,NA,NA,NA,"LOW",109.188670277766,121.958002774096
"140",0,676,"20E TAYLOR CORRIDOR",2014,"6336-14205",NA,"LOW",1,"20E",5.93,63.6167,-142.125,0,0,0,0,0,0,0,0,0,0,0,0,0,0,0,NA,NA,NA,776.1875,0,0,0.339818342,0.003164372,0.001640785,0.525344272,0.021447407,0.03556988,NA,0.03556988,0.00111339,0.004101963,NA,0.06779959,NA,NA,NA,NA,NA,"LOW",109.234332055668,110.815025532095
"141",0,676,"20E TAYLOR CORRIDOR",2014,"6334-14205",NA,"HIGH",1,"20E",5.937,63.5833,-142.125,0,0,0,0,0,0,0,0,0,0,0,0,0,0,0,NA,NA,NA,851.125,0,0,0.292778558,0.002399345,0.01755618,0.585674157,0.013050094,0.062792603,0.000175562,0.062968165,0.001111891,0.002048221,0.000643727,0.021594101,0.000117041,NA,5.85e-05,NA,NA,"HIGH",109.24957414948,107.093306254654
"142",NA,676,"20E TAYLOR CORRIDOR",2014,"6332-14205",NA,"LOW",0,"20E",5.944,63.55,-142.125,0,0,0,0,0,0,0,0,0,0,0,0,0,0,0,NA,NA,NA,846.2667,0,0,0.213563286,0.005495469,0.005495469,0.542472961,0.023443438,0.139315989,0.000175387,0.139491376,0.005963169,0.0004677,0.005437007,0.058170126,NA,NA,NA,NA,NA,"LOW",109.264766143045,103.382747383009
"143",NA,676,"20E TAYLOR CORRIDOR",2014,"6330-14205",NA,"LOW",0,"20E",5.951,63.5167,-142.125,0,0,0,0,0,0,0,0,0,0,0,0,0,0,0,NA,NA,NA,711.625,0,0,0.072325025,NA,0.000408616,0.55659331,0.090887864,0.08405814,0.000233495,0.084291635,0.012608721,0.016227891,0.005954118,0.152297005,0.000583737,0.002510069,0.000291869,0.005020139,NA,"LOW",109.279953672911,99.6722060340783
"144",0,676,"20E TAYLOR CORRIDOR",2014,"6328-14205",NA,"LOW",1,"20E",5.958,63.4833,-142.125,0,0,0,0,0,0,0,0,0,0,0,0,0,0,0,NA,NA,NA,745.3125,0,0,0.225048125,0.000349997,0.000758327,0.743743802,0.013474888,0.001049991,NA,0.001049991,NA,0.000174999,0.000174999,0.015224873,NA,NA,NA,NA,NA,"LOW",109.295182321969,95.9505395353986
"145",NA,676,"20E TAYLOR CORRIDOR",2014,"6326-14205",NA,"LOW",0,"20E",5.965,63.45,-142.125,0,0,0,0,0,0,0,0,0,0,0,0,0,0,0,NA,NA,NA,845.9333,0,0,0.302947344,0.000990214,0.005708295,0.615855079,0.023299161,0.020619758,0.000116496,0.020736254,NA,NA,0.002329916,0.027958993,NA,NA,0.000174744,NA,NA,"LOW",109.310360895542,92.2400333303744
"146",0,676,"20E TAYLOR CORRIDOR",2014,"6318-14205",NA,"LOW",1,"20E",5.992,63.3167,-142.125,0,0,0,0,0,0,0,0,0,0,0,0,0,0,0,NA,NA,NA,716.8,0.112369308,0.549005967,0.192787151,0.008175335,0.038499449,0.476604627,0.060880153,0.095494869,0.000347887,0.095842756,0.017568273,0.006377921,0.000753754,0.101930771,5.8e-05,0.000115962,0.000115962,0.000289905,NA,"LOW",109.371075867389,77.3870419230405
"147",NA,676,"20E TAYLOR CORRIDOR",2014,"6316-14205",NA,"LOW",0,"20E",5.999,63.2833,-142.125,0,0,0,0,0,0,0,0,0,0,0,0,0,0,0,NA,NA,NA,776.5,0.390001129,0.456932684,0.183166309,0.012570237,0.017783699,0.51984012,0.043793083,0.11098882,0.000753056,0.111741876,0.001506111,0.00196953,0.002375022,0.105196084,5.79e-05,NA,NA,NA,NA,"LOW",109.386277487257,73.6654813945014
"148",0,676,"20E TAYLOR CORRIDOR",2014,"6406-14200",NA,"HIGH",1,"20E",5.826,64.1167,-142.0417,0,0,0,0,0,0,0,0,0,0,0,0,0,0,0,NA,NA,NA,757.7857,0.25068811,0,0.1858481,0.001789869,0.01264841,0.514885747,0.036871308,0.030308454,NA,0.030308454,0.003818388,0.000835272,0.179344908,0.030308454,NA,0.002207506,0.000835272,0.000298312,NA,"HIGH",113.063137951422,166.550825583962
"149",NA,676,"20E TAYLOR CORRIDOR",2014,"6404-14200",NA,"HIGH",0,"20E",5.833,64.0833,-142.0417,0,0,0,0,0,0,0,0,0,0,0,0,0,0,0,NA,NA,NA,627.3333,0.711825475,0,0.080300232,0.001846667,0.00619527,0.232084351,0.151367129,0.204682195,NA,0.204682195,0.063561089,0.008637636,0.147256806,0.089354858,NA,0.007386668,0.006850539,0.000476559,NA,"HIGH",113.083314330288,162.828862228048
"150",NA,676,"20E TAYLOR CORRIDOR",2014,"6402-14200",NA,"HIGH",0,"20E",5.84,64.05,-142.0417,0,0,0,0,0,0,0,0,0,0,0,0,0,0,0,NA,NA,NA,626.75,0.976447347,0,0.019340633,0.000178529,0.000476077,0.144489407,0.109081171,0.206200905,NA,0.206200905,0.09271602,0.006903118,0.246191383,0.161747203,NA,0.000297548,0.012378005,NA,NA,"HIGH",113.103424518299,159.118059749796
"151",2,676,"20E TAYLOR CORRIDOR",2014,"6358-14200",NA,"LOW",1,"20E",5.854,63.9833,-142.0417,0,0,0,0,0,0,1,0,0,0,2,1,1,0,1,NA,NA,NA,594.1334,1,0,0.005106585,5.94e-05,NA,0.063357283,0.246125527,0.25028205,NA,0.25028205,0.08936524,0.020485719,0.068938899,0.254319815,NA,0.000950062,0.000831305,0.000178137,NA,"LOW",113.143687892901,151.68536318126
"152",NA,676,"20E TAYLOR CORRIDOR",2014,"6356-14200",NA,"LOW",0,"20E",5.861,63.95,-142.0417,0,0,0,0,0,0,0,0,0,0,0,0,0,0,0,NA,NA,NA,589.5625,0.521967955,0.478032045,0.008596668,NA,0.000118575,0.258907927,0.171162625,0.211418747,5.93e-05,0.211478047,0.037884627,0.023714946,0.037884627,0.242248177,0.004446552,0.00112646,0.001897196,0.000533586,NA,"LOW",113.163780700945,147.974612595301
"153",NA,676,"20E TAYLOR CORRIDOR",2014,"6354-14200",NA,"LOW",0,"20E",5.868,63.9167,-142.0417,0,0,0,0,0,0,0,0,0,0,0,0,0,0,0,NA,NA,NA,618.8571,0.022030026,0.977969974,0.02914174,0.000473849,0.001895398,0.411952852,0.157318012,0.132914766,0.000473849,0.133388615,0.031274063,0.007996209,0.00906237,0.213291477,0.001243855,0.000651543,0.002250785,5.92e-05,NA,"LOW",113.183867707812,144.263879320613
"154",NA,676,"20E TAYLOR CORRIDOR",2014,"6352-14200",NA,"LOW",0,"20E",5.875,63.8833,-142.0417,0,0,0,0,0,0,0,0,0,0,0,0,0,0,0,NA,NA,NA,622.5333,0.559315392,0.440684608,0.020405749,0.000650618,0.001182942,0.242503105,0.21346188,0.273851068,0.000118294,0.273969362,0.037085231,0.022061868,0.032708346,0.154551369,0.000473177,0.000295735,0.000650618,NA,NA,"LOW",113.204009201832,140.54202010769
"155",NA,676,"20E TAYLOR CORRIDOR",2014,"6346-14200",NA,"LOW",0,"20E",5.895,63.7833,-142.0417,0,0,0,0,0,0,0,0,0,0,0,0,0,0,0,NA,NA,NA,749.1429,0,1,0.007015682,0.02652989,0.034783634,0.427720788,0.108418819,0.282160123,0.000648508,0.282808631,0.005954486,0.001120151,0.003065676,0.101521047,0.001061196,NA,NA,NA,NA,"LOW",113.264278072501,129.398833427575
"156",NA,676,"20E TAYLOR CORRIDOR",2014,"6344-14200",NA,"LOW",0,"20E",5.902,63.75,-142.0417,0,0,0,0,0,0,0,0,0,0,0,0,0,0,0,NA,NA,NA,726.2941,0.09576558,0.380175008,0.218945014,5.89e-05,0.00058872,0.591781467,0.046391146,0.038678912,0.001118568,0.03979748,0.001295184,0.000412104,0.000117744,0.100317909,0.00029436,NA,NA,NA,NA,"LOW",113.284335936217,125.688187046022
"157",NA,676,"20E TAYLOR CORRIDOR",2014,"6342-14200",NA,"LOW",0,"20E",5.909,63.7167,-142.0417,0,0,0,0,0,0,0,0,0,0,0,0,0,0,0,NA,NA,NA,706.9333,0.544001203,0,0.099347097,0.00011764,5.88e-05,0.439738839,0.076877831,0.102405741,NA,0.102405741,0.037291924,0.019763543,0.07617199,0.146756073,NA,NA,0.001470502,NA,NA,"LOW",113.304387957853,121.977558068581
"158",NA,676,"20E TAYLOR CORRIDOR",2014,"6340-14200",NA,"LOW",0,"20E",5.916,63.6833,-142.0417,0,0,0,0,0,0,0,0,0,0,0,0,0,0,0,NA,NA,NA,677.3571,0.584169783,0,0.009750367,NA,0.000352423,0.191013216,0.291453744,0.310014684,0.000117474,0.310132158,0.025256975,0.010807636,0.012628488,0.148604993,NA,NA,NA,NA,NA,"LOW",113.324494320508,118.255803559227
"159",NA,676,"20E TAYLOR CORRIDOR",2014,"6338-14200",NA,"LOW",0,"20E",5.924,63.65,-142.0417,0,0,0,0,0,0,0,0,0,0,0,0,0,0,0,NA,NA,NA,684.1765,0.114450075,0,0.343168886,NA,0.000175984,0.361412565,0.013902739,0.171995072,NA,0.171995072,0.002639761,NA,5.87e-05,0.106353024,NA,0.000234645,NA,5.87e-05,NA,"LOW",113.344534619983,114.545209488492
"160",NA,676,"20E TAYLOR CORRIDOR",2014,"6336-14200",NA,"LOW",0,"20E",5.93,63.6167,-142.0417,0,0,0,0,0,0,0,0,0,0,0,0,0,0,0,NA,NA,NA,696.4667,0,0,0.241957222,NA,0.000117199,0.517667741,0.004160563,0.087020217,NA,0.087020217,0.000351597,NA,NA,0.148725461,NA,NA,NA,NA,NA,"LOW",113.364569056957,110.834632867971
"161",NA,676,"20E TAYLOR CORRIDOR",2014,"6334-14200",NA,"LOW",0,"20E",5.937,63.5833,-142.0417,0,0,0,0,0,0,0,0,0,0,0,0,0,0,0,NA,NA,NA,703.9286,0,0,0.112177986,0.000175644,0.006088993,0.671955504,0.007669789,0.077400468,NA,0.077400468,0.000117096,NA,NA,0.12441452,NA,NA,NA,NA,NA,"LOW",113.384657761637,107.112930918999
"162",0,676,"20E TAYLOR CORRIDOR",2014,"6332-14200",NA,"LOW",1,"20E",5.944,63.55,-142.0417,0,0,0,0,0,0,0,0,0,0,0,0,0,0,0,NA,NA,NA,722.8235,0,0,0.114280704,0.002279769,0.004208803,0.511544982,0.03296896,0.151867657,NA,0.151867657,0.004325715,0.000584556,0.004559537,0.17016426,NA,0.000584556,0.000993745,0.001636757,NA,"LOW",113.404680435567,103.402389297307
"163",NA,676,"20E TAYLOR CORRIDOR",2014,"6330-14200",NA,"LOW",0,"20E",5.951,63.5167,-142.0417,0,0,0,0,0,0,0,0,0,0,0,0,0,0,0,NA,NA,NA,702.1429,0,0,0.152893769,NA,0.000934416,0.463002978,0.038369445,0.114115517,0.000233604,0.114349121,0.010044969,0.008059335,0.000525609,0.211761958,NA,NA,5.84e-05,NA,NA,"LOW",113.424697226595,99.6918651717063
"164",3,676,"20E TAYLOR CORRIDOR",2014,"6328-14200",NA,"LOW",1,"20E",5.958,63.4833,-142.0417,0,0,0,1,0,2,0,0,0,0,3,3,2,1,0,NA,NA,NA,828.2,0,0,0.410604912,0.000933326,0.012949892,0.47716269,0.016158199,0.055066208,0.000174999,0.055241207,0.003441638,0.000291664,0.00040833,0.022808143,NA,NA,NA,NA,NA,"LOW",113.444768211852,95.9702159213163
"165",NA,676,"20E TAYLOR CORRIDOR",2014,"6322-14200",NA,"LOW",0,"20E",5.978,63.3833,-142.0417,0,0,0,0,0,0,0,0,0,0,0,0,0,0,0,NA,NA,NA,744.2667,0,0.017692263,0.377463806,NA,5.81e-05,0.556136985,0.020815164,0.004244433,NA,0.004244433,0.000290715,0.00180243,0.003953718,0.035234607,NA,NA,NA,NA,NA,"LOW",113.504825487302,84.8276589786448
"166",0,676,"20E TAYLOR CORRIDOR",2014,"6320-14200",NA,"LOW",1,"20E",5.986,63.35,-142.0417,0,0,0,0,0,0,0,0,0,0,0,0,0,0,0,NA,NA,NA,679.4706,0,0.831243789,0.056358465,5.8e-05,0.002263625,0.417261594,0.112542806,0.128097974,0.000928667,0.129026641,0.052759882,0.006094376,0.008996459,0.214463985,0.000174125,NA,NA,NA,NA,"LOW",113.524812726474,81.1172226670869
"167",NA,676,"20E TAYLOR CORRIDOR",2014,"6318-14200",NA,"LOW",0,"20E",5.992,63.3167,-142.0417,0,0,0,0,0,0,0,0,0,0,0,0,0,0,0,NA,NA,NA,717.4667,0,0.853196021,0.095881671,0.009048724,0.048259861,0.529524362,0.070301624,0.116357309,0.000464037,0.116821346,0.016241299,0.005916473,0.001334107,0.106612529,5.8e-05,NA,NA,NA,NA,"LOW",113.544794042003,77.4068039427381
"168",NA,676,"20E TAYLOR CORRIDOR",2014,"6316-14200",TRUE,"LOW",0,"20E",5.999,63.2833,-142.0417,0,0,0,0,0,0,0,0,0,0,0,0,0,0,0,NA,NA,NA,816.3333,0,0.223692816,0.378293855,0.002721955,0.010366595,0.543174842,0.022354781,0.014073087,0.000405398,0.014478485,0.001505762,0.001100365,0.000810795,0.025192564,NA,NA,NA,NA,NA,"LOW",113.564829404318,73.6852605014993
"169",0,676,"20E TAYLOR CORRIDOR",2014,"6406-14155",NA,"LOW",1,"20E",5.826,64.1167,-141.9583,0,0,0,0,0,0,0,0,0,0,0,0,0,0,0,NA,NA,NA,803.5,0,0,0.170722978,0.000298258,0.000238607,0.726377953,0.046587927,0.026366022,NA,0.026366022,0.000119303,0.00035791,0.006144118,0.022607969,0.000178955,NA,NA,NA,NA,"LOW",117.125500479025,166.575510464096
"170",0,676,"20E TAYLOR CORRIDOR",2014,"6404-14155",NA,"LOW",1,"20E",5.833,64.0833,-141.9583,0,0,0,0,0,0,0,0,0,0,0,0,0,0,0,NA,NA,NA,612.2,0.035659218,0,0.134056244,0.00220448,0.0042898,0.471520496,0.106410867,0.140788847,0.000178742,0.140967589,0.034616301,0.001966158,0.020674452,0.072926597,0.000417064,0.000238322,0.00965205,5.96e-05,NA,"LOW",117.150550469371,162.853569727902
"171",NA,676,"20E TAYLOR CORRIDOR",2014,"6402-14155",NA,"LOW",0,"20E",5.84,64.05,-141.9583,0,0,0,0,0,0,0,0,0,0,0,0,0,0,0,NA,NA,NA,532.2,0.717472875,0,0.078543377,NA,0.001547067,0.174818517,0.083303582,0.337974533,5.95e-05,0.338034033,0.022670475,0.003510651,0.086814233,0.182077829,5.95e-05,0.003213138,0.023682018,0.001725574,NA,"LOW",117.175518280665,159.142789768112
"172",NA,676,"20E TAYLOR CORRIDOR",2014,"6358-14155",NA,"LOW",0,"20E",5.854,63.9833,-141.9583,0,0,0,0,0,0,0,0,0,0,0,0,0,0,0,NA,NA,NA,604.1334,0.933691103,0.066308897,0.018343722,0.000296824,0.001187296,0.228079549,0.152923716,0.193944791,NA,0.193944791,0.084179282,0.018224993,0.084238646,0.212347878,NA,0.000593648,0.005580291,5.94e-05,NA,"LOW",117.225507288831,151.710138203283
"173",NA,676,"20E TAYLOR CORRIDOR",2014,"6356-14155",NA,"LOW",0,"20E",5.861,63.95,-141.9583,0,0,0,0,0,0,0,0,0,0,0,0,0,0,0,NA,NA,NA,663.6,0.327113477,0.672886523,0.011622391,0.000355787,0.008716793,0.383598197,0.166152751,0.146050759,5.93e-05,0.146110059,0.054969165,0.010021347,0.032613852,0.184179317,0.000474383,0.000118596,0.000948767,0.000118596,NA,"LOW",117.250453522698,147.999410035038
"174",NA,676,"20E TAYLOR CORRIDOR",2014,"6354-14155",NA,"LOW",0,"20E",5.868,63.9167,-141.9583,0,0,0,0,0,0,0,0,0,0,0,0,0,0,0,NA,NA,NA,700.5,0.001244117,0.998755883,0.023982945,0.00290164,0.040859833,0.609226032,0.100313851,0.06792207,0.000236869,0.068158939,0.001954166,0.001006692,0.000651389,0.149582519,0.000296086,NA,0.001065909,NA,NA,"LOW",117.275392554335,144.288699144457
"175",NA,676,"20E TAYLOR CORRIDOR",2014,"6352-14155",NA,"LOW",0,"20E",5.875,63.8833,-141.9583,0,0,0,0,0,0,0,0,0,0,0,0,0,0,0,NA,NA,NA,712,0,1,0.039107798,0.002011596,0.026505739,0.595669152,0.097384925,0.078156431,0.000177494,0.078333925,0.003431547,0.00218909,0.001893267,0.153295468,0.000177494,NA,NA,NA,NA,"LOW",117.300399234747,140.56686234907
"176",NA,676,"20E TAYLOR CORRIDOR",2014,"6348-14155",NA,"LOW",0,"20E",5.888,63.8167,-141.9583,0,0,0,0,0,0,0,0,0,0,0,0,0,0,0,NA,NA,NA,689.7333,0,1,0.040368272,0.004721435,0.016938149,0.627419736,0.073123229,0.079379131,0.000531161,0.079910292,0.000649197,0.00171152,0.00802644,0.144180831,0.00029509,NA,0.002596789,5.9e-05,NA,"LOW",117.350241167322,133.145527199543
"177",NA,676,"20E TAYLOR CORRIDOR",2014,"6346-14155",NA,"LOW",0,"20E",5.895,63.7833,-141.9583,0,0,0,0,0,0,0,0,0,0,0,0,0,0,0,NA,NA,NA,725.6667,0,1,0.056233422,0.006012378,0.019687592,0.473916888,0.123076923,0.184851164,0.001709402,0.186560566,0.009902741,0.003890363,0.003654583,0.112290009,0.000943118,5.89e-05,0.003772473,NA,NA,"LOW",117.375226077954,129.423742584687
"178",NA,676,"20E TAYLOR CORRIDOR",2014,"6344-14155",NA,"LOW",0,"20E",5.902,63.75,-141.9583,0,0,0,0,0,0,0,0,0,0,0,0,0,0,0,NA,NA,NA,657.8666,0,0.437633161,0.212506624,0.002590826,0.005476064,0.410704822,0.11352529,0.10522287,0.00147206,0.10669493,0.021315433,0.007949126,0.004769475,0.111169994,0.000471059,0.000588824,0.002237532,NA,NA,"LOW",117.400128928034,125.713118418543
"179",NA,676,"20E TAYLOR CORRIDOR",2014,"6342-14155",NA,"LOW",0,"20E",5.909,63.7167,-141.9583,0,0,0,0,0,0,0,0,0,0,0,0,0,0,0,NA,NA,NA,700.125,0.222839626,0,0.343762865,5.88e-05,0.002881844,0.45921308,0.022525437,0.067635123,5.88e-05,0.067693923,0.001764395,0.000470505,0.017408693,0.082220785,NA,0.000352879,0.001470329,0.000176439,NA,"LOW",117.425024525102,122.00251162272
"180",0,676,"20E TAYLOR CORRIDOR",2014,"6340-14155",NA,"LOW",1,"20E",5.916,63.6833,-141.9583,0,0,0,0,0,0,0,0,0,0,0,0,0,0,0,NA,NA,NA,658.6,0.880766599,0,0.046637298,5.87e-05,0.001879589,0.124816446,0.227136564,0.286989721,0.000117474,0.287107195,0.059148311,0.019089574,0.117004405,0.113832599,5.87e-05,0.000293686,0.002936858,NA,NA,"LOW",117.449987589515,118.280779327626
"181",NA,676,"20E TAYLOR CORRIDOR",2014,"6338-14155",NA,"LOW",0,"20E",5.924,63.65,-141.9583,0,0,0,0,0,0,0,0,0,0,0,0,0,0,0,NA,NA,NA,616.0667,0.698060377,0,0.037195659,0.000234673,0.002698739,0.146787914,0.172249927,0.451804048,0.000117336,0.451921384,0.034966266,0.002288061,0.016779114,0.131064828,NA,0.00164271,0.001114696,0.001056028,NA,"LOW",117.474868633383,114.570207370743
"182",NA,676,"20E TAYLOR CORRIDOR",2014,"6336-14155",NA,"LOW",0,"20E",5.93,63.6167,-141.9583,0,0,0,0,0,0,0,0,0,0,0,0,0,0,0,NA,NA,NA,629.125,0.23976351,0,0.083040319,0.000234412,0.000117206,0.206516643,0.084915612,0.44415143,5.86e-05,0.44421003,0.024496015,0.000703235,NA,0.153363807,NA,0.000527426,0.000117206,0.001758087,NA,"LOW",117.499742398886,110.859652830196
"183",0,676,"20E TAYLOR CORRIDOR",2014,"6334-14155",NA,"LOW",1,"20E",5.937,63.5833,-141.9583,0,0,0,0,0,0,0,0,0,0,0,0,0,0,0,NA,NA,NA,644.2,0,0,0.13609225,NA,0.000526809,0.402364786,0.064387731,0.197377663,5.85e-05,0.197436163,0.024525872,0.01797003,0.003570592,0.151135565,0.000292672,0.000643877,0.000234137,0.00081948,NA,"LOW",117.524683540716,107.137972993441
"184",NA,676,"20E TAYLOR CORRIDOR",2014,"6332-14155",NA,"LOW",0,"20E",5.944,63.55,-141.9583,0,0,0,0,0,0,0,0,0,0,0,0,0,0,0,NA,NA,NA,682.9333,0,0,0.238437701,NA,0.000350816,0.434952932,0.022803017,0.153715722,0.000116939,0.153832661,0.000760101,0.002104894,0.000175408,0.143132784,NA,0.001695609,0.000701631,0.001052447,NA,"LOW",117.549542702261,103.427453383772
"185",NA,676,"20E TAYLOR CORRIDOR",2014,"6406-14150",NA,"LOW",0,"20E",5.826,64.1167,-141.875,0,0,0,0,0,0,0,0,0,0,0,0,0,0,0,NA,NA,NA,789.2,0,0,0.211700161,0.001013775,0.011807502,0.686445226,0.033096786,0.022422327,NA,0.022422327,0.001908283,0.000596338,0.000417437,0.030353629,NA,NA,0.000238535,NA,NA,"LOW",121.182964750268,166.605476290384
"186",NA,676,"20E TAYLOR CORRIDOR",2014,"6404-14150",NA,"LOW",0,"20E",5.833,64.0833,-141.875,0,0,0,0,0,0,0,0,0,0,0,0,0,0,0,NA,NA,NA,709.75,0,0,0.252725648,0.002025618,0.015728329,0.501817099,0.078284182,0.082037534,0.000119154,0.082156688,0.030801311,0.00238308,0.011200477,0.019183795,NA,NA,0.003693774,NA,NA,"LOW",121.212882516222,162.883563013349
"187",NA,676,"20E TAYLOR CORRIDOR",2014,"6402-14150",NA,"LOW",0,"20E",5.84,64.05,-141.875,0,0,0,0,0,0,0,0,0,0,0,0,0,0,0,NA,NA,NA,604,0.490235227,0.004230611,0.157255905,0.000475992,0.00666389,0.412030701,0.045040757,0.111144166,0.000118998,0.111263164,0.01517225,0.001070982,0.097340394,0.123876956,NA,0.004521925,0.021598144,0.003688939,NA,"LOW",121.242702134214,159.172810389791
"188",NA,676,"20E TAYLOR CORRIDOR",2014,"6358-14150",NA,"LOW",0,"20E",5.854,63.9833,-141.875,0,0,0,0,0,0,0,0,0,0,0,0,0,0,0,NA,NA,NA,710.6875,0.193176313,0.806823687,0.008666746,0.004095928,0.036151015,0.400213701,0.196189006,0.175412561,0.000296806,0.175709367,0.04523329,0.007657604,0.016027544,0.109521548,0.000534251,NA,NA,NA,NA,"LOW",121.302405130779,151.740213457116
"189",NA,676,"20E TAYLOR CORRIDOR",2014,"6356-14150",NA,"LOW",0,"20E",5.861,63.95,-141.875,0,0,0,0,0,0,0,0,0,0,0,0,0,0,0,NA,NA,NA,731.9286,0.003295636,0.996704364,0.147355313,0.0028463,0.037001898,0.517730076,0.097663662,0.083491461,0.000237192,0.083728653,0.000355787,0.004625237,0.000118596,0.108574478,NA,NA,NA,NA,NA,"LOW",121.332198979347,148.029512502812
"190",NA,676,"20E TAYLOR CORRIDOR",2014,"6344-14150",NA,"LOW",0,"20E",5.902,63.75,-141.875,0,0,0,0,0,0,0,0,0,0,0,0,0,0,0,NA,NA,NA,759.0667,0,0.415887899,0.222097951,0.001412762,0.002236873,0.554391335,0.106369202,0.030021191,0.000765246,0.030786437,0.001236167,0.004061691,0.00035319,0.076760066,0.00023546,5.89e-05,NA,NA,NA,"LOW",121.510959691551,125.743383473768
"191",NA,676,"20E TAYLOR CORRIDOR",2014,"6340-14150",NA,"LOW",0,"20E",5.916,63.6833,-141.875,0,0,0,0,0,0,0,0,0,0,0,0,0,0,0,NA,NA,NA,789.6,0.975502046,0,0.003817018,NA,0.00052851,0.155734336,0.23389512,0.25139468,5.87e-05,0.25145338,0.105349698,0.020846791,0.111398203,0.110576076,NA,NA,0.006400846,NA,NA,"LOW",121.570507018047,118.31109827716
"192",NA,676,"20E TAYLOR CORRIDOR",2014,"6338-14150",NA,"LOW",0,"20E",5.924,63.65,-141.875,0,0,0,0,0,0,0,0,0,0,0,0,0,0,0,NA,NA,NA,734.8666,1,0,0.001290474,5.87e-05,5.87e-05,0.026044111,0.227709995,0.243664946,0.000175974,0.24384092,0.090391835,0.041823088,0.241729235,0.125058658,NA,NA,0.001935711,5.87e-05,NA,"LOW",121.600223011685,114.600553165352
"193",0,676,"20E TAYLOR CORRIDOR",2014,"6408-14145",NA,"HIGH",1,"20E",5.819,64.15,-141.7917,0,0,0,0,0,0,0,0,0,0,0,0,0,0,0,NA,NA,NA,620.5,0.251921537,0,0.239144717,0.00083617,0.004419758,0.494116944,0.054828884,0.049632682,NA,0.049632682,0.019888909,0.002269605,0.048736786,0.071193932,0.000119453,0.002747417,0.007167174,0.004897569,NA,"HIGH",125.205705052497,170.351504219504
"194",NA,676,"20E TAYLOR CORRIDOR",2014,"6406-14145",NA,"LOW",0,"20E",5.826,64.1167,-141.7917,0,0,0,0,0,0,0,0,0,0,0,0,0,0,0,NA,NA,NA,709.3571,0.164689132,0,0.183537131,0.004592902,0.010199821,0.467819863,0.067163734,0.130032806,NA,0.130032806,0.032687146,0.00155085,0.026245154,0.056963913,0.000238592,0.003042052,0.010259469,0.005666567,NA,"LOW",125.240396411565,166.640749484536
"195",NA,676,"20E TAYLOR CORRIDOR",2014,"6404-14145",NA,"LOW",0,"20E",5.833,64.0833,-141.7917,0,0,0,0,0,0,0,0,0,0,0,0,0,0,0,NA,NA,NA,638.6,0.196834434,0,0.16436316,0.005123317,0.019778387,0.433635172,0.079113547,0.129453116,0.00017872,0.129631836,0.014178482,0.001846777,0.048731085,0.081556059,0.000357441,0.005540331,0.007208388,0.008936018,NA,"LOW",125.275181962417,162.918868530483
"196",NA,676,"20E TAYLOR CORRIDOR",2014,"6346-14145",NA,"LOW",0,"20E",5.895,63.7833,-141.7917,0,0,0,0,0,0,0,0,0,0,0,0,0,0,0,NA,NA,NA,961.7333,0.353427049,0.272485037,0.064434357,0.000412663,0.00224017,0.642280257,0.108058716,0.059600307,0.000176856,0.059777163,0.005364617,0.020633143,0.001237989,0.095560927,NA,NA,NA,NA,NA,"LOW",125.587176723052,129.489574351715
"197",NA,676,"20E TAYLOR CORRIDOR",2014,"6344-14145",NA,"LOW",0,"20E",5.902,63.75,-141.7917,0,0,0,0,0,0,0,0,0,0,0,0,0,0,0,NA,NA,NA,798.5625,0.400794842,0.023972647,0.292250618,5.89e-05,0.000529973,0.656283123,0.02414321,0.004534213,NA,0.004534213,0.000235544,0.000588859,0.000824402,0.020492286,5.89e-05,NA,NA,NA,NA,"LOW",125.621757956552,125.779008899192
"198",0,676,"20E TAYLOR CORRIDOR",2014,"6342-14145",NA,"LOW",1,"20E",5.909,63.7167,-141.7917,0,0,0,0,0,0,0,0,0,0,0,0,0,0,0,NA,NA,NA,927.7143,0.621293549,0,0.123514881,NA,0.000941066,0.349958828,0.158510763,0.055875779,5.88e-05,0.055934579,0.122456182,0.021232796,0.108575462,0.056405129,NA,NA,0.002470298,NA,NA,"LOW",125.656329119022,122.068460727697
"199",3,676,"20E TAYLOR CORRIDOR",2014,"6338-14145",NA,"LOW",1,"20E",5.924,63.65,-141.7917,0,0,0,0,0,1,1,0,0,0,3,2,2,0,1,NA,NA,NA,869.125,1,0,0.001055966,NA,0.000175994,0.149947202,0.204740115,0.126305292,0.000293324,0.126598616,0.148069928,0.014666197,0.209667957,0.122140092,NA,NA,0.022937933,NA,NA,"LOW",125.725544925462,114.636273631541
"200",NA,708,"20E TAYLOR CORRIDOR",2015,"6346-14305",NA,"LOW",0,"20E",5.895,63.7833,-143.125,0,0,0,0,0,0,0,0,0,0,0,0,0,0,0,NA,NA,NA,794.2857,1,0,0,NA,NA,NA,NA,NA,NA,0,NA,NA,NA,NA,NA,NA,NA,NA,NA,"LOW",59.8662475352334,129.563028749696
"201",NA,708,"20E TAYLOR CORRIDOR",2015,"6348-14305",NA,"LOW",0,"20E",5.888,63.8167,-143.125,0,0,0,0,0,0,0,0,0,0,0,0,0,0,0,NA,NA,NA,709.5333,1,0,0,NA,NA,NA,NA,NA,NA,0,NA,NA,NA,NA,NA,NA,NA,NA,NA,"LOW",59.9092634663291,133.284688574342
"202",0,708,"20E TAYLOR CORRIDOR",2015,"6350-14305",NA,"LOW",1,"20E",5.882,63.85,-143.125,0,0,0,0,0,0,0,0,0,0,0,0,0,0,0,NA,NA,NA,704.6667,1,0,0,NA,NA,NA,NA,NA,NA,0,NA,NA,NA,NA,NA,NA,NA,NA,NA,"LOW",59.952163081949,136.995222881592
"203",NA,708,"20E TAYLOR CORRIDOR",2015,"6352-14305",NA,"LOW",0,"20E",5.875,63.8833,-143.125,0,0,0,0,0,0,0,0,0,0,0,0,0,0,0,NA,NA,NA,718.7857,1,0,0,NA,NA,NA,NA,NA,NA,0,NA,NA,NA,NA,NA,NA,NA,NA,NA,"LOW",59.9950751390346,140.70577432452
"204",NA,708,"20E TAYLOR CORRIDOR",2015,"6354-14305",NA,"LOW",0,"20E",5.868,63.9167,-143.125,0,0,0,0,0,0,0,0,0,0,0,0,0,0,0,NA,NA,NA,749.2,1,0,0,NA,NA,NA,NA,NA,NA,0,NA,NA,NA,NA,NA,NA,NA,NA,NA,"LOW",60.038128544082,144.427485762156
"205",0,708,"20E TAYLOR CORRIDOR",2015,"6342-14300",NA,"HIGH",1,"20E",5.909,63.7167,-143.0417,0,0,0,0,0,0,0,0,0,0,0,0,0,0,0,NA,NA,NA,854.4375,1,0,0,NA,NA,NA,NA,NA,NA,0,NA,NA,NA,NA,NA,NA,NA,NA,NA,"HIGH",63.8960788004504,122.097194154248
"206",NA,708,"20E TAYLOR CORRIDOR",2015,"6346-14300",NA,"HIGH",0,"20E",5.895,63.7833,-143.0417,0,0,0,0,0,0,0,0,0,0,0,0,0,0,0,NA,NA,NA,759.0625,1,0,0,NA,NA,NA,NA,NA,NA,0,NA,NA,NA,NA,NA,NA,NA,NA,NA,"HIGH",63.9721385866665,129.518256654195
"207",NA,708,"20E TAYLOR CORRIDOR",2015,"6352-14300",NA,"LOW",0,"20E",5.875,63.8833,-143.0417,0,0,0,0,0,0,0,0,0,0,0,0,0,0,0,NA,NA,NA,707.625,0.999997417,0,0,NA,NA,NA,NA,NA,NA,0,NA,NA,NA,NA,NA,NA,NA,NA,NA,"LOW",64.0864255480583,140.661122510687
"208",NA,708,"20E TAYLOR CORRIDOR",2015,"6354-14300",NA,"LOW",0,"20E",5.868,63.9167,-143.0417,0,0,0,0,0,0,0,0,0,0,0,0,0,0,0,NA,NA,NA,734.125,0.28219257,0,0,NA,NA,NA,NA,NA,NA,0,NA,NA,NA,NA,NA,NA,NA,NA,NA,"LOW",64.1246195597141,144.382874244042
"209",NA,708,"20E TAYLOR CORRIDOR",2015,"6356-14300",NA,"LOW",0,"20E",5.861,63.95,-143.0417,0,0,0,0,0,0,0,0,0,0,0,0,0,0,0,NA,NA,NA,834.5714,0.397778677,0,0,NA,NA,NA,NA,NA,NA,0,NA,NA,NA,NA,NA,NA,NA,NA,NA,"LOW",64.1627102465456,148.093500199445
"210",2,708,"20E TAYLOR CORRIDOR",2015,"6344-14255",NA,"HIGH",1,"20E",5.902,63.75,-142.9583,0,0,0,1,1,0,0,0,0,0,2,2,0,2,0,NA,NA,NA,771.0667,1,0,0,NA,NA,NA,NA,NA,NA,0,NA,NA,NA,NA,NA,NA,NA,NA,NA,"HIGH",68.0498099115031,125.768221009829
"211",NA,708,"20E TAYLOR CORRIDOR",2015,"6354-14255",NA,"LOW",0,"20E",5.868,63.9167,-142.9583,0,0,0,0,0,0,0,0,0,0,0,0,0,0,0,NA,NA,NA,725.1334,0.007946677,0,0,NA,NA,NA,NA,NA,NA,0,NA,NA,NA,NA,NA,NA,NA,NA,NA,"LOW",68.2160580294192,144.343555190114
"212",0,708,"20E TAYLOR CORRIDOR",2015,"6356-14255",NA,"LOW",1,"20E",5.861,63.95,-142.9583,0,0,0,0,0,0,0,0,0,0,0,0,0,0,0,NA,NA,NA,813,0,0,0,NA,NA,NA,NA,NA,NA,0,NA,NA,NA,NA,NA,NA,NA,NA,NA,"LOW",68.2492966646294,148.054216607206
"213",NA,708,"20E TAYLOR CORRIDOR",2015,"6358-14255",NA,"LOW",0,"20E",5.854,63.9833,-142.9583,0,0,0,0,0,0,0,0,0,0,0,0,0,0,0,NA,NA,NA,946.3125,0,0.410873043,0,NA,NA,NA,NA,NA,NA,0,NA,NA,NA,NA,NA,NA,NA,NA,NA,"LOW",68.2825448982747,151.764895227679
"214",NA,708,"20E TAYLOR CORRIDOR",2015,"6356-14250",NA,"LOW",0,"20E",5.861,63.95,-142.875,0,0,0,0,0,0,0,0,0,0,0,0,0,0,0,NA,NA,NA,754.8125,0.000507251,0,0,NA,NA,NA,NA,NA,NA,0,NA,NA,NA,NA,NA,NA,NA,NA,NA,"LOW",72.3310194604744,148.020314897249
"215",NA,708,"20E TAYLOR CORRIDOR",2015,"6358-14250",NA,"LOW",0,"20E",5.854,63.9833,-142.875,0,0,0,0,0,0,0,0,0,0,0,0,0,0,0,NA,NA,NA,1033.2,0,0.067383189,0,NA,NA,NA,NA,NA,NA,0,NA,NA,NA,NA,NA,NA,NA,NA,NA,"LOW",72.3594200724952,151.731024166625
"216",NA,708,"20E TAYLOR CORRIDOR",2015,"6400-14250",NA,"LOW",0,"20E",5.847,64.0167,-142.875,0,0,0,0,0,0,0,0,0,0,0,0,0,0,0,NA,NA,NA,1078.4,0,0.180339244,0,NA,NA,NA,NA,NA,NA,0,NA,NA,NA,NA,NA,NA,NA,NA,NA,"LOW",72.3879141982462,155.452894018616
"217",NA,708,"20E TAYLOR CORRIDOR",2015,"6354-14245",NA,"LOW",0,"20E",5.868,63.9167,-142.7917,0,0,0,0,0,0,0,0,0,0,0,0,0,0,0,NA,NA,NA,787,0.999210011,0,0,NA,NA,NA,NA,NA,NA,0,NA,NA,NA,NA,NA,NA,NA,NA,NA,"LOW",76.3892270955655,144.281026945414
"218",NA,708,"20E TAYLOR CORRIDOR",2015,"6356-14245",NA,"LOW",0,"20E",5.861,63.95,-142.7917,0,0,0,0,0,0,0,0,0,0,0,0,0,0,0,NA,NA,NA,728,0.486592469,0,0,NA,NA,NA,NA,NA,NA,0,NA,NA,NA,NA,NA,NA,NA,NA,NA,"LOW",76.4127732953905,147.9917447553
"219",NA,708,"20E TAYLOR CORRIDOR",2015,"6400-14245",NA,"LOW",0,"20E",5.847,64.0167,-142.7917,0,0,0,0,0,0,0,0,0,0,0,0,0,0,0,NA,NA,NA,1064.5294,0,0,0,NA,NA,NA,NA,NA,NA,0,NA,NA,NA,NA,NA,NA,NA,NA,NA,"LOW",76.4599568475582,155.424375650214
"220",NA,708,"20E TAYLOR CORRIDOR",2015,"6404-14245",NA,"LOW",0,"20E",5.833,64.0833,-142.7917,0,0,0,0,0,0,0,0,0,0,0,0,0,0,0,NA,NA,NA,786.2,0.947374491,0,0,NA,NA,NA,NA,NA,NA,0,NA,NA,NA,NA,NA,NA,NA,NA,NA,"LOW",76.5070968163435,162.845932250096
"221",NA,708,"20E TAYLOR CORRIDOR",2015,"6412-14245",NA,"LOW",0,"20E",5.805,64.2167,-142.7917,0,0,0,0,0,0,0,0,0,0,0,0,0,0,0,NA,NA,NA,1082.1765,0,0,0,NA,NA,NA,NA,NA,NA,0,NA,NA,NA,NA,NA,NA,NA,NA,NA,"LOW",76.6015996709112,177.711539507803
"222",0,708,"20E TAYLOR CORRIDOR",2015,"6414-14245",NA,"LOW",1,"20E",5.8,64.25,-142.7917,0,0,0,0,0,0,0,0,0,0,0,0,0,0,0,NA,NA,NA,995.7857,0,0,0,NA,NA,NA,NA,NA,NA,0,NA,NA,NA,NA,NA,NA,NA,NA,NA,"LOW",76.6252068439389,181.422412503974
"223",NA,708,"20E TAYLOR CORRIDOR",2015,"6416-14245",NA,"LOW",0,"20E",5.791,64.2833,-142.7917,0,0,0,0,0,0,0,0,0,0,0,0,0,0,0,NA,NA,NA,914.0667,0,0,0,NA,NA,NA,NA,NA,NA,0,NA,NA,NA,NA,NA,NA,NA,NA,NA,"LOW",76.6488207449261,185.133302647521
"224",NA,708,"20E TAYLOR CORRIDOR",2015,"6344-14240",NA,"LOW",0,"20E",5.902,63.75,-142.7083,0,0,0,0,0,0,0,0,0,0,0,0,0,0,0,NA,NA,NA,773.1334,0.959313089,0,0,NA,NA,NA,NA,NA,NA,0,NA,NA,NA,NA,NA,NA,NA,NA,NA,"LOW",80.3872570250959,125.682022814645
"225",0,708,"20E TAYLOR CORRIDOR",2015,"6348-14240",NA,"LOW",1,"20E",5.888,63.8167,-142.7083,0,0,0,0,0,0,0,0,0,0,0,0,0,0,0,NA,NA,NA,782.8666,1,0,0,NA,NA,NA,NA,NA,NA,0,NA,NA,NA,NA,NA,NA,NA,NA,NA,"LOW",80.4246526467157,133.114487137329
"226",NA,708,"20E TAYLOR CORRIDOR",2015,"6350-14240",NA,"LOW",0,"20E",5.882,63.85,-142.7083,0,0,0,0,0,0,0,0,0,0,0,0,0,0,0,NA,NA,NA,729.2,1,0,0,NA,NA,NA,NA,NA,NA,0,NA,NA,NA,NA,NA,NA,NA,NA,NA,"LOW",80.4433305726706,136.825173842432
"227",NA,708,"20E TAYLOR CORRIDOR",2015,"6354-14240",NA,"LOW",0,"20E",5.868,63.9167,-142.7083,0,0,0,0,0,0,0,0,0,0,0,0,0,0,0,NA,NA,NA,787.3333,1,0,0,NA,NA,NA,NA,NA,NA,0,NA,NA,NA,NA,NA,NA,NA,NA,NA,"LOW",80.4807588028035,144.257742669247
"228",NA,708,"20E TAYLOR CORRIDOR",2015,"6356-14240",NA,"LOW",0,"20E",5.861,63.95,-142.7083,0,0,0,0,0,0,0,0,0,0,0,0,0,0,0,NA,NA,NA,749.5333,0.912858849,0,0,NA,NA,NA,NA,NA,NA,0,NA,NA,NA,NA,NA,NA,NA,NA,NA,"LOW",80.4994529799909,147.968481478326
"229",NA,708,"20E TAYLOR CORRIDOR",2015,"6358-14240",NA,"LOW",0,"20E",5.854,63.9833,-142.7083,0,0,0,0,0,0,0,0,0,0,0,0,0,0,0,NA,NA,NA,716.6875,0.205978527,0,0,NA,NA,NA,NA,NA,NA,0,NA,NA,NA,NA,NA,NA,NA,NA,NA,"LOW",80.5181525561455,151.679237606985
"230",NA,708,"20E TAYLOR CORRIDOR",2015,"6400-14240",NA,"LOW",0,"20E",5.847,64.0167,-142.7083,0,0,0,0,0,0,0,0,0,0,0,0,0,0,0,NA,NA,NA,748.1429,0,0,0,NA,NA,NA,NA,NA,NA,0,NA,NA,NA,NA,NA,NA,NA,NA,NA,"LOW",80.5369137041144,155.401154529484
"231",NA,708,"20E TAYLOR CORRIDOR",2015,"6402-14240",NA,"LOW",0,"20E",5.84,64.05,-142.7083,0,0,0,0,0,0,0,0,0,0,0,0,0,0,0,NA,NA,NA,720.1334,0,0,0,NA,NA,NA,NA,NA,NA,0,NA,NA,NA,NA,NA,NA,NA,NA,NA,"LOW",80.5556240753308,159.111945302527
"232",NA,708,"20E TAYLOR CORRIDOR",2015,"6410-14240",NA,"LOW",0,"20E",5.812,64.1833,-142.7083,0,0,0,0,0,0,0,0,0,0,0,0,0,0,0,NA,NA,NA,1092.3125,0,0,0,NA,NA,NA,NA,NA,NA,0,NA,NA,NA,NA,NA,NA,NA,NA,NA,"LOW",80.6305755556088,173.966424715509
"233",NA,708,"20E TAYLOR CORRIDOR",2015,"6328-14235",NA,"LOW",0,"20E",5.958,63.4833,-142.625,0,0,0,0,0,0,0,0,0,0,0,0,0,0,0,NA,NA,NA,744.125,1,0,0,NA,NA,NA,NA,NA,NA,0,NA,NA,NA,NA,NA,NA,NA,NA,NA,"LOW",84.3875402947925,95.9458831318263
"234",NA,708,"20E TAYLOR CORRIDOR",2015,"6330-14235",NA,"LOW",0,"20E",5.951,63.5167,-142.625,0,0,0,0,0,0,0,0,0,0,0,0,0,0,0,NA,NA,NA,728.6,1,0,0,NA,NA,NA,NA,NA,NA,0,NA,NA,NA,NA,NA,NA,NA,NA,NA,"LOW",84.4013772265882,99.6675537122814
"235",NA,708,"20E TAYLOR CORRIDOR",2015,"6332-14235",NA,"LOW",0,"20E",5.944,63.55,-142.625,0,0,0,0,0,0,0,0,0,0,0,0,0,0,0,NA,NA,NA,719.875,0.97538534,0,0,NA,NA,NA,NA,NA,NA,0,NA,NA,NA,NA,NA,NA,NA,NA,NA,"LOW",84.4151767970199,103.378099137081
"236",NA,708,"20E TAYLOR CORRIDOR",2015,"6334-14235",NA,"LOW",0,"20E",5.937,63.5833,-142.625,0,0,0,0,0,0,0,0,0,0,0,0,0,0,0,NA,NA,NA,730.4667,0.711633874,0,0,NA,NA,NA,NA,NA,NA,0,NA,NA,NA,NA,NA,NA,NA,NA,NA,"LOW",84.4289804232451,107.088662090894
"237",NA,708,"20E TAYLOR CORRIDOR",2015,"6338-14235",NA,"LOW",0,"20E",5.924,63.65,-142.625,0,0,0,0,0,0,0,0,0,0,0,0,0,0,0,NA,NA,NA,712.647,0.38738147,0,0,NA,NA,NA,NA,NA,NA,0,NA,NA,NA,NA,NA,NA,NA,NA,NA,"LOW",84.4566413070843,114.520983487578
"238",NA,708,"20E TAYLOR CORRIDOR",2015,"6340-14235",NA,"LOW",0,"20E",5.916,63.6833,-142.625,0,0,0,0,0,0,0,0,0,0,0,0,0,0,0,NA,NA,NA,757.1334,0,0.031368143,0,NA,NA,NA,NA,NA,NA,0,NA,NA,NA,NA,NA,NA,NA,NA,NA,"LOW",84.4704570847231,118.231598989117
"239",NA,708,"20E TAYLOR CORRIDOR",2015,"6342-14235",NA,"LOW",0,"20E",5.909,63.7167,-142.625,0,0,0,0,0,0,0,0,0,0,0,0,0,0,0,NA,NA,NA,726.8571,0.092322122,0.627730162,0,NA,NA,NA,NA,NA,NA,0,NA,NA,NA,NA,NA,NA,NA,NA,NA,"LOW",84.4843184064246,121.953375026586
"240",NA,708,"20E TAYLOR CORRIDOR",2015,"6348-14235",NA,"LOW",0,"20E",5.888,63.8167,-142.625,0,0,0,0,0,0,0,0,0,0,0,0,0,0,0,NA,NA,NA,880.2143,1,0,0,NA,NA,NA,NA,NA,NA,0,NA,NA,NA,NA,NA,NA,NA,NA,NA,"LOW",84.525843605421,133.09652196893
"241",NA,708,"20E TAYLOR CORRIDOR",2015,"6354-14235",NA,"LOW",0,"20E",5.868,63.9167,-142.625,0,0,0,0,0,0,0,0,0,0,0,0,0,0,0,NA,NA,NA,716.0667,1,0,0,NA,NA,NA,NA,NA,NA,0,NA,NA,NA,NA,NA,NA,NA,NA,NA,"LOW",84.5674050411216,144.239825878318
"242",NA,708,"20E TAYLOR CORRIDOR",2015,"6356-14235",NA,"LOW",0,"20E",5.861,63.95,-142.625,0,0,0,0,0,0,0,0,0,0,0,0,0,0,0,NA,NA,NA,691.6875,1,0,0,NA,NA,NA,NA,NA,NA,0,NA,NA,NA,NA,NA,NA,NA,NA,NA,"LOW",84.5812530198017,147.950580845728
"243",NA,708,"20E TAYLOR CORRIDOR",2015,"6400-14235",NA,"LOW",0,"20E",5.847,64.0167,-142.625,0,0,0,0,0,0,0,0,0,0,0,0,0,0,0,NA,NA,NA,671.8666,0.035015276,0,0,NA,NA,NA,NA,NA,NA,0,NA,NA,NA,NA,NA,NA,NA,NA,NA,"LOW",84.6090025863589,155.383286335014
"244",0,708,"20E TAYLOR CORRIDOR",2015,"6402-14235",NA,"LOW",1,"20E",5.84,64.05,-142.625,0,0,0,0,0,0,0,0,0,0,0,0,0,0,0,NA,NA,NA,735.7647,0.003833396,0,0,NA,NA,NA,NA,NA,NA,0,NA,NA,NA,NA,NA,NA,NA,NA,NA,"LOW",84.622862561269,159.094093339179
"245",NA,708,"20E TAYLOR CORRIDOR",2015,"6410-14235",NA,"LOW",0,"20E",5.812,64.1833,-142.625,0,0,0,0,0,0,0,0,0,0,0,0,0,0,0,NA,NA,NA,884.6667,0,0,0,NA,NA,NA,NA,NA,NA,0,NA,NA,NA,NA,NA,NA,NA,NA,NA,"LOW",84.6783839424877,173.948637967455
"246",NA,708,"20E TAYLOR CORRIDOR",2015,"6412-14235",NA,"LOW",0,"20E",5.805,64.2167,-142.625,0,0,0,0,0,0,0,0,0,0,0,0,0,0,0,NA,NA,NA,900.2857,0,0,0,NA,NA,NA,NA,NA,NA,0,NA,NA,NA,NA,NA,NA,NA,NA,NA,"LOW",84.6923054961495,177.670675201672
"247",NA,708,"20E TAYLOR CORRIDOR",2015,"6414-14235",NA,"LOW",0,"20E",5.8,64.25,-142.625,0,0,0,0,0,0,0,0,0,0,0,0,0,0,0,NA,NA,NA,1114.5,0,0,0,NA,NA,NA,NA,NA,NA,0,NA,NA,NA,NA,NA,NA,NA,NA,NA,"LOW",84.7061893362303,181.381585856171
"248",NA,708,"20E TAYLOR CORRIDOR",2015,"6328-14230",NA,"LOW",0,"20E",5.958,63.4833,-142.5417,0,0,0,0,0,0,0,0,0,0,0,0,0,0,0,NA,NA,NA,733.6,1,0,0,NA,NA,NA,NA,NA,NA,0,NA,NA,NA,NA,NA,NA,NA,NA,NA,"LOW",88.5371465551048,95.9331565950122
"249",NA,708,"20E TAYLOR CORRIDOR",2015,"6330-14230",NA,"LOW",0,"20E",5.951,63.5167,-142.5417,0,0,0,0,0,0,0,0,0,0,0,0,0,0,0,NA,NA,NA,715.0625,1,0,0,NA,NA,NA,NA,NA,NA,0,NA,NA,NA,NA,NA,NA,NA,NA,NA,"LOW",88.5461411584911,99.654838331433
"250",NA,708,"20E TAYLOR CORRIDOR",2015,"6332-14230",NA,"LOW",0,"20E",5.944,63.55,-142.5417,0,0,0,0,0,0,0,0,0,0,0,0,0,0,0,NA,NA,NA,739.5333,1,0,0,NA,NA,NA,NA,NA,NA,0,NA,NA,NA,NA,NA,NA,NA,NA,NA,"LOW",88.5551114754185,103.365394896056
"251",NA,708,"20E TAYLOR CORRIDOR",2015,"6334-14230",NA,"LOW",0,"20E",5.937,63.5833,-142.5417,0,0,0,0,0,0,0,0,0,0,0,0,0,0,0,NA,NA,NA,799.2,0.651118436,0,0,NA,NA,NA,NA,NA,NA,0,NA,NA,NA,NA,NA,NA,NA,NA,NA,"LOW",88.5640844288285,107.07596900691
"252",NA,708,"20E TAYLOR CORRIDOR",2015,"6336-14230",NA,"LOW",0,"20E",5.93,63.6167,-142.5417,0,0,0,0,0,0,0,0,0,0,0,0,0,0,0,NA,NA,NA,731.375,0.122979149,0,0,NA,NA,NA,NA,NA,NA,0,NA,NA,NA,NA,NA,NA,NA,NA,NA,"LOW",88.5730869733549,110.797703592928
"253",NA,708,"20E TAYLOR CORRIDOR",2015,"6338-14230",NA,"LOW",0,"20E",5.924,63.65,-142.5417,0,0,0,0,0,0,0,0,0,0,0,0,0,0,0,NA,NA,NA,751.6,0.207195094,0,0,NA,NA,NA,NA,NA,NA,0,NA,NA,NA,NA,NA,NA,NA,NA,NA,"LOW",88.5820651984935,114.508312802903
"254",0,708,"20E TAYLOR CORRIDOR",2015,"6340-14230",NA,"LOW",1,"20E",5.916,63.6833,-142.5417,0,0,0,0,0,0,0,0,0,0,0,0,0,0,0,NA,NA,NA,818.8666,0,0,0,NA,NA,NA,NA,NA,NA,0,NA,NA,NA,NA,NA,NA,NA,NA,NA,"LOW",88.5910460509722,118.218939513099
"255",NA,708,"20E TAYLOR CORRIDOR",2015,"6400-14230",NA,"LOW",0,"20E",5.847,64.0167,-142.5417,0,0,0,0,0,0,0,0,0,0,0,0,0,0,0,NA,NA,NA,689,0.223271723,0,0,NA,NA,NA,NA,NA,NA,0,NA,NA,NA,NA,NA,NA,NA,NA,NA,"LOW",88.6811066162118,155.370740023508
"256",NA,708,"20E TAYLOR CORRIDOR",2015,"6402-14230",NA,"LOW",0,"20E",5.84,64.05,-142.5417,0,0,0,0,0,0,0,0,0,0,0,0,0,0,0,NA,NA,NA,838.3333,0,0,0,NA,NA,NA,NA,NA,NA,0,NA,NA,NA,NA,NA,NA,NA,NA,NA,"LOW",88.6901161992833,159.081558424431
"257",NA,708,"20E TAYLOR CORRIDOR",2015,"6410-14230",NA,"LOW",0,"20E",5.812,64.1833,-142.5417,0,0,0,0,0,0,0,0,0,0,0,0,0,0,0,NA,NA,NA,794.8571,0,0,0,NA,NA,NA,NA,NA,NA,0,NA,NA,NA,NA,NA,NA,NA,NA,NA,"LOW",88.7262074985314,173.93614884393
"258",0,708,"20E TAYLOR CORRIDOR",2015,"6412-14230",NA,"LOW",1,"20E",5.805,64.2167,-142.5417,0,0,0,0,0,0,0,0,0,0,0,0,0,0,0,NA,NA,NA,945.2353,0,0,0,NA,NA,NA,NA,NA,NA,0,NA,NA,NA,NA,NA,NA,NA,NA,NA,"LOW",88.7352571106614,177.658197594252
"259",0,708,"20E TAYLOR CORRIDOR",2015,"6414-14230",NA,"HIGH",1,"20E",5.8,64.25,-142.5417,0,0,0,0,0,0,0,0,0,0,0,0,0,0,0,NA,NA,NA,1142.1428,0,0,0,NA,NA,NA,NA,NA,NA,0,NA,NA,NA,NA,NA,NA,NA,NA,NA,"HIGH",88.7442822073733,181.369119747316
"260",NA,708,"20E TAYLOR CORRIDOR",2015,"6416-14230",NA,"LOW",0,"20E",5.791,64.2833,-142.5417,0,0,0,0,0,0,0,0,0,0,0,0,0,0,0,NA,NA,NA,996.3571,0,0,0,NA,NA,NA,NA,NA,NA,0,NA,NA,NA,NA,NA,NA,NA,NA,NA,"LOW",88.753309876381,185.080059119985
"261",NA,708,"20E TAYLOR CORRIDOR",2015,"6318-14225",NA,"LOW",0,"20E",5.992,63.3167,-142.4583,0,0,0,0,0,0,0,0,0,0,0,0,0,0,0,NA,NA,NA,909.4667,0.445742117,0,0,NA,NA,NA,NA,NA,NA,0,NA,NA,NA,NA,NA,NA,NA,NA,NA,"LOW",92.6710798049887,77.3622176509276
"262",3,708,"20E TAYLOR CORRIDOR",2015,"6320-14225",NA,"LOW",1,"20E",5.986,63.35,-142.4583,0,0,0,0,0,1,1,0,0,0,3,2,2,0,1,NA,NA,NA,808.8666,0.797150087,0,0,NA,NA,NA,NA,NA,NA,0,NA,NA,NA,NA,NA,NA,NA,NA,NA,"LOW",92.6752077453891,81.0726748718629
"263",NA,708,"20E TAYLOR CORRIDOR",2015,"6328-14225",NA,"LOW",0,"20E",5.958,63.4833,-142.4583,0,0,0,0,0,0,0,0,0,0,0,0,0,0,0,NA,NA,NA,767.8823,1,0,0,NA,NA,NA,NA,NA,NA,0,NA,NA,NA,NA,NA,NA,NA,NA,NA,"LOW",92.6917441440405,95.9258228320675
"264",NA,708,"20E TAYLOR CORRIDOR",2015,"6330-14225",NA,"LOW",0,"20E",5.951,63.5167,-142.4583,0,0,0,0,0,0,0,0,0,0,0,0,0,0,0,NA,NA,NA,737.9333,1,0,0,NA,NA,NA,NA,NA,NA,0,NA,NA,NA,NA,NA,NA,NA,NA,NA,"LOW",92.6958906096488,99.6475109971715
"265",3,708,"20E TAYLOR CORRIDOR",2015,"6332-14225",NA,"LOW",1,"20E",5.944,63.55,-142.4583,0,0,0,0,0,3,0,0,0,0,3,3,3,0,0,NA,NA,NA,759.0667,0.99024375,0,0,NA,NA,NA,NA,NA,NA,0,NA,NA,NA,NA,NA,NA,NA,NA,NA,"LOW",92.7000258793363,103.358073981175
"266",NA,708,"20E TAYLOR CORRIDOR",2015,"6348-14225",NA,"LOW",0,"20E",5.888,63.8167,-142.4583,0,0,0,0,0,0,0,0,0,0,0,0,0,0,0,NA,NA,NA,683.7143,0.999998502,0,0,NA,NA,NA,NA,NA,NA,0,NA,NA,NA,NA,NA,NA,NA,NA,NA,"LOW",92.7331890212988,133.076638421956
"267",NA,708,"20E TAYLOR CORRIDOR",2015,"6350-14225",NA,"LOW",0,"20E",5.882,63.85,-142.4583,0,0,0,0,0,0,0,0,0,0,0,0,0,0,0,NA,NA,NA,720.7333,1,0,0,NA,NA,NA,NA,NA,NA,0,NA,NA,NA,NA,NA,NA,NA,NA,NA,"LOW",92.7373351900243,136.787359015251
"268",NA,708,"20E TAYLOR CORRIDOR",2015,"6354-14225",NA,"LOW",0,"20E",5.868,63.9167,-142.4583,0,0,0,0,0,0,0,0,0,0,0,0,0,0,0,NA,NA,NA,803.4286,1,0,0,NA,NA,NA,NA,NA,NA,0,NA,NA,NA,NA,NA,NA,NA,NA,NA,"LOW",92.745643594331,144.219995874307
"269",NA,708,"20E TAYLOR CORRIDOR",2015,"6356-14225",NA,"LOW",0,"20E",5.861,63.95,-142.4583,0,0,0,0,0,0,0,0,0,0,0,0,0,0,0,NA,NA,NA,810.5333,1,0,0,NA,NA,NA,NA,NA,NA,0,NA,NA,NA,NA,NA,NA,NA,NA,NA,"LOW",92.7497933707141,147.930768725348
"270",NA,708,"20E TAYLOR CORRIDOR",2015,"6358-14225",NA,"LOW",0,"20E",5.854,63.9833,-142.4583,0,0,0,0,0,0,0,0,0,0,0,0,0,0,0,NA,NA,NA,917.0625,1,0,0,NA,NA,NA,NA,NA,NA,0,NA,NA,NA,NA,NA,NA,NA,NA,NA,"LOW",92.7539443456295,151.641558947083
"271",NA,708,"20E TAYLOR CORRIDOR",2015,"6400-14225",NA,"LOW",0,"20E",5.847,64.0167,-142.4583,0,0,0,0,0,0,0,0,0,0,0,0,0,0,0,NA,NA,NA,831.2,0.850757422,0,0,NA,NA,NA,NA,NA,NA,0,NA,NA,NA,NA,NA,NA,NA,NA,NA,"LOW",92.7581089884552,155.363510116339
"272",NA,708,"20E TAYLOR CORRIDOR",2015,"6402-14225",NA,"LOW",0,"20E",5.84,64.05,-142.4583,0,0,0,0,0,0,0,0,0,0,0,0,0,0,0,NA,NA,NA,745.5,0.684140252,0,0,NA,NA,NA,NA,NA,NA,0,NA,NA,NA,NA,NA,NA,NA,NA,NA,"LOW",92.7622623597977,159.074335084703
"273",NA,708,"20E TAYLOR CORRIDOR",2015,"6408-14225",NA,"LOW",0,"20E",5.819,64.15,-142.4583,0,0,0,0,0,0,0,0,0,0,0,0,0,0,0,NA,NA,NA,917.9333,0.179551769,0,0,NA,NA,NA,NA,NA,NA,0,NA,NA,NA,NA,NA,NA,NA,NA,NA,"LOW",92.7747421191171,170.218057670341
"274",NA,708,"20E TAYLOR CORRIDOR",2015,"6410-14225",NA,"LOW",0,"20E",5.812,64.1833,-142.4583,0,0,0,0,0,0,0,0,0,0,0,0,0,0,0,NA,NA,NA,779.25,0.111896861,0,0,NA,NA,NA,NA,NA,NA,0,NA,NA,NA,NA,NA,NA,NA,NA,NA,"LOW",92.7789002627736,173.928951891638
"275",NA,708,"20E TAYLOR CORRIDOR",2015,"6412-14225",NA,"LOW",0,"20E",5.805,64.2167,-142.4583,0,0,0,0,0,0,0,0,0,0,0,0,0,0,0,NA,NA,NA,959.2857,0.011290703,0,0,NA,NA,NA,NA,NA,NA,0,NA,NA,NA,NA,NA,NA,NA,NA,NA,"LOW",92.7830720873606,177.651007278178
"276",NA,708,"20E TAYLOR CORRIDOR",2015,"6416-14225",NA,"LOW",0,"20E",5.791,64.2833,-142.4583,0,0,0,0,0,0,0,0,0,0,0,0,0,0,0,NA,NA,NA,1148.125,0,0,0,NA,NA,NA,NA,NA,NA,0,NA,NA,NA,NA,NA,NA,NA,NA,NA,"LOW",92.7913943194196,185.072882065865
"277",0,708,"20E TAYLOR CORRIDOR",2015,"6406-14220",NA,"HIGH",1,"20E",5.826,64.1167,-142.375,0,0,0,0,0,0,0,0,0,0,0,0,0,0,0,NA,NA,NA,762.2,0.466602264,0,0,NA,NA,NA,NA,NA,NA,0,NA,NA,NA,NA,NA,NA,NA,NA,NA,"HIGH",96.8281336682472,166.505289738593
"278",NA,708,"20E TAYLOR CORRIDOR",2015,"6404-14220",NA,"LOW",0,"20E",5.833,64.0833,-142.375,0,0,0,0,0,0,0,0,0,0,0,0,0,0,0,NA,NA,NA,688.1334,0.813915458,0,0,NA,NA,NA,NA,NA,NA,0,NA,NA,NA,NA,NA,NA,NA,NA,NA,"LOW",96.8288331797618,162.783284656989
"279",NA,708,"20E TAYLOR CORRIDOR",2015,"6402-14220",NA,"LOW",0,"20E",5.84,64.05,-142.375,0,0,0,0,0,0,0,0,0,0,0,0,0,0,0,NA,NA,NA,891.375,0.868290888,0,0,NA,NA,NA,NA,NA,NA,0,NA,NA,NA,NA,NA,NA,NA,NA,NA,"LOW",96.8295303964395,159.072440639843
"280",2,708,"20E TAYLOR CORRIDOR",2015,"6348-14220",NA,"HIGH",1,"20E",5.888,63.8167,-142.375,0,0,1,0,0,1,0,0,0,0,2,2,1,1,0,NA,NA,NA,642.6667,0.195246227,0.441404172,0,NA,NA,NA,NA,NA,NA,0,NA,NA,NA,NA,NA,NA,NA,NA,NA,"HIGH",96.8344094663979,133.074731963959
"281",NA,708,"20E TAYLOR CORRIDOR",2015,"6340-14220",NA,"LOW",0,"20E",5.916,63.6833,-142.375,0,0,0,0,0,0,0,0,0,0,0,0,0,0,0,NA,NA,NA,816,0.154676908,0,0,NA,NA,NA,NA,NA,NA,0,NA,NA,NA,NA,NA,NA,NA,NA,NA,"LOW",96.8371948467914,118.209731124164
"282",NA,708,"20E TAYLOR CORRIDOR",2015,"6338-14220",NA,"LOW",0,"20E",5.924,63.65,-142.375,0,0,0,0,0,0,0,0,0,0,0,0,0,0,0,NA,NA,NA,788.1875,0.92358749,0,0,NA,NA,NA,NA,NA,NA,0,NA,NA,NA,NA,NA,NA,NA,NA,NA,"LOW",96.8378896403062,114.499096260929
"283",NA,708,"20E TAYLOR CORRIDOR",2015,"6334-14220",NA,"LOW",0,"20E",5.937,63.5833,-142.375,0,0,0,0,0,0,0,0,0,0,0,0,0,0,0,NA,NA,NA,881.8,1,0,0,NA,NA,NA,NA,NA,NA,0,NA,NA,NA,NA,NA,NA,NA,NA,NA,"LOW",96.8392807022483,107.066736171954
"284",NA,708,"20E TAYLOR CORRIDOR",2015,"6332-14220",NA,"LOW",0,"20E",5.944,63.55,-142.375,0,0,0,0,0,0,0,0,0,0,0,0,0,0,0,NA,NA,NA,863.375,1,0,0,NA,NA,NA,NA,NA,NA,0,NA,NA,NA,NA,NA,NA,NA,NA,NA,"LOW",96.8399748846535,103.356153945605
"285",NA,708,"20E TAYLOR CORRIDOR",2015,"6330-14220",NA,"LOW",0,"20E",5.951,63.5167,-142.375,0,0,0,0,0,0,0,0,0,0,0,0,0,0,0,NA,NA,NA,783.8666,1,0,0,NA,NA,NA,NA,NA,NA,0,NA,NA,NA,NA,NA,NA,NA,NA,NA,"LOW",96.8406688630879,99.6455892780125
"286",NA,708,"20E TAYLOR CORRIDOR",2015,"6328-14220",NA,"LOW",0,"20E",5.958,63.4833,-142.375,0,0,0,0,0,0,0,0,0,0,0,0,0,0,0,NA,NA,NA,727.5333,1,0,0,NA,NA,NA,NA,NA,NA,0,NA,NA,NA,NA,NA,NA,NA,NA,NA,"LOW",96.8413647204143,95.9238994268803
"287",NA,708,"20E TAYLOR CORRIDOR",2015,"6326-14220",NA,"LOW",0,"20E",5.965,63.45,-142.375,0,0,0,0,0,0,0,0,0,0,0,0,0,0,0,NA,NA,NA,746.4375,1,0,0,NA,NA,NA,NA,NA,NA,0,NA,NA,NA,NA,NA,NA,NA,NA,NA,"LOW",96.8420582895867,92.2133699754793
"288",NA,708,"20E TAYLOR CORRIDOR",2015,"6318-14220",NA,"LOW",0,"20E",5.992,63.3167,-142.375,0,0,0,0,0,0,0,0,0,0,0,0,0,0,0,NA,NA,NA,751.0667,0.944678734,0,0,NA,NA,NA,NA,NA,NA,0,NA,NA,NA,NA,NA,NA,NA,NA,NA,"LOW",96.8448325971686,77.3602858749945
"289",NA,708,"20E TAYLOR CORRIDOR",2015,"6316-14220",NA,"LOW",0,"20E",5.999,63.2833,-142.375,0,0,0,0,0,0,0,0,0,0,0,0,0,0,0,NA,NA,NA,752.0625,0.962923418,0,0,NA,NA,NA,NA,NA,NA,0,NA,NA,NA,NA,NA,NA,NA,NA,NA,"LOW",96.8455272193836,73.6387022119695
"290",NA,708,"20E TAYLOR CORRIDOR",2015,"6412-14215",NA,"LOW",0,"20E",5.805,64.2167,-142.2917,0,0,0,0,0,0,0,0,0,0,0,0,0,0,0,NA,NA,NA,1128.4375,0,0,0,NA,NA,NA,NA,NA,NA,0,NA,NA,NA,NA,NA,NA,NA,NA,NA,"LOW",100.869003390826,177.652528443749
"291",2,708,"20E TAYLOR CORRIDOR",2015,"6408-14215",NA,"LOW",1,"20E",5.819,64.15,-142.2917,0,1,0,1,0,0,0,0,0,0,2,2,0,2,0,NA,NA,NA,784.8,0.179904033,0,0,NA,NA,NA,NA,NA,NA,0,NA,NA,NA,NA,NA,NA,NA,NA,NA,"LOW",100.880129219892,170.219581637523
"292",NA,708,"20E TAYLOR CORRIDOR",2015,"6404-14215",NA,"LOW",0,"20E",5.833,64.0833,-142.2917,0,0,0,0,0,0,0,0,0,0,0,0,0,0,0,NA,NA,NA,843.9333,0.911746918,0,0,NA,NA,NA,NA,NA,NA,0,NA,NA,NA,NA,NA,NA,NA,NA,NA,"LOW",100.891248671873,162.786704137364
"293",NA,708,"20E TAYLOR CORRIDOR",2015,"6356-14215",NA,"LOW",0,"20E",5.861,63.95,-142.2917,0,0,0,0,0,0,0,0,0,0,0,0,0,0,0,NA,NA,NA,722,0.991173884,0,0,NA,NA,NA,NA,NA,NA,0,NA,NA,NA,NA,NA,NA,NA,NA,NA,"LOW",100.913451737175,147.932301043421
"294",NA,708,"20E TAYLOR CORRIDOR",2015,"6354-14215",NA,"LOW",0,"20E",5.868,63.9167,-142.2917,0,0,0,0,0,0,0,0,0,0,0,0,0,0,0,NA,NA,NA,633.5625,1,0,0,NA,NA,NA,NA,NA,NA,0,NA,NA,NA,NA,NA,NA,NA,NA,NA,"LOW",100.918994339685,144.221529575539
"295",NA,708,"20E TAYLOR CORRIDOR",2015,"6352-14215",NA,"LOW",0,"20E",5.875,63.8833,-142.2917,0,0,0,0,0,0,0,0,0,0,0,0,0,0,0,NA,NA,NA,647.6429,0.992357317,0,0,NA,NA,NA,NA,NA,NA,0,NA,NA,NA,NA,NA,NA,NA,NA,NA,"LOW",100.924551976734,140.499632112386
"296",3,708,"20E TAYLOR CORRIDOR",2015,"6348-14215",NA,"HIGH",1,"20E",5.888,63.8167,-142.2917,0,0,0,0,0,3,0,0,0,0,3,3,3,0,0,NA,NA,NA,755.4375,0.66644953,0.05503574,0,NA,NA,NA,NA,NA,NA,0,NA,NA,NA,NA,NA,NA,NA,NA,NA,"HIGH",100.935629151166,133.078176264318
"297",NA,708,"20E TAYLOR CORRIDOR",2015,"6346-14215",NA,"HIGH",0,"20E",5.895,63.7833,-142.2917,0,0,0,0,0,0,0,0,0,0,0,0,0,0,0,NA,NA,NA,859.3571,0.504751295,0.017282861,0,NA,NA,NA,NA,NA,NA,0,NA,NA,NA,NA,NA,NA,NA,NA,NA,"HIGH",100.941181949558,129.356331256393
"298",NA,708,"20E TAYLOR CORRIDOR",2015,"6344-14215",NA,"HIGH",0,"20E",5.902,63.75,-142.2917,0,0,0,0,0,0,0,0,0,0,0,0,0,0,0,NA,NA,NA,926.75,0.008926265,0,0,NA,NA,NA,NA,NA,NA,0,NA,NA,NA,NA,NA,NA,NA,NA,NA,"HIGH",100.946716510177,125.645646969498
"299",NA,708,"20E TAYLOR CORRIDOR",2015,"6342-14215",NA,"LOW",0,"20E",5.909,63.7167,-142.2917,0,0,0,0,0,0,0,0,0,0,0,0,0,0,0,NA,NA,NA,936.5333,0.322455734,0,0,NA,NA,NA,NA,NA,NA,0,NA,NA,NA,NA,NA,NA,NA,NA,NA,"LOW",100.952249458706,121.93498014437
"300",NA,708,"20E TAYLOR CORRIDOR",2015,"6340-14215",NA,"LOW",0,"20E",5.916,63.6833,-142.2917,0,0,0,0,0,0,0,0,0,0,0,0,0,0,0,NA,NA,NA,950.8,0,0,0,NA,NA,NA,NA,NA,NA,0,NA,NA,NA,NA,NA,NA,NA,NA,NA,"LOW",100.957797401451,118.213187731639
"301",NA,708,"20E TAYLOR CORRIDOR",2015,"6334-14215",NA,"LOW",0,"20E",5.937,63.5833,-142.2917,0,0,0,0,0,0,0,0,0,0,0,0,0,0,0,NA,NA,NA,860,0.999744856,0,0,NA,NA,NA,NA,NA,NA,0,NA,NA,NA,NA,NA,NA,NA,NA,NA,"LOW",100.974398281582,107.070201955868
"302",NA,708,"20E TAYLOR CORRIDOR",2015,"6332-14215",NA,"LOW",0,"20E",5.944,63.55,-142.2917,0,0,0,0,0,0,0,0,0,0,0,0,0,0,0,NA,NA,NA,822.5,1,0,0,NA,NA,NA,NA,NA,NA,0,NA,NA,NA,NA,NA,NA,NA,NA,NA,"LOW",100.979923131776,103.359622775876
"303",0,708,"20E TAYLOR CORRIDOR",2015,"6330-14215",NA,"HIGH",1,"20E",5.951,63.5167,-142.2917,0,0,0,0,0,0,0,0,0,0,0,0,0,0,0,NA,NA,NA,767.0667,1,0,0,NA,NA,NA,NA,NA,NA,0,NA,NA,NA,NA,NA,NA,NA,NA,NA,"HIGH",100.985446358618,99.649061149939
"304",NA,708,"20E TAYLOR CORRIDOR",2015,"6328-14215",NA,"LOW",0,"20E",5.958,63.4833,-142.2917,0,0,0,0,0,0,0,0,0,0,0,0,0,0,0,NA,NA,NA,723.6,0.996723641,0,0,NA,NA,NA,NA,NA,NA,0,NA,NA,NA,NA,NA,NA,NA,NA,NA,"LOW",100.990984539169,95.9273743448704
"305",NA,708,"20E TAYLOR CORRIDOR",2015,"6326-14215",NA,"LOW",0,"20E",5.965,63.45,-142.2917,0,0,0,0,0,0,0,0,0,0,0,0,0,0,0,NA,NA,NA,822.647,0.594710225,0,0,NA,NA,NA,NA,NA,NA,0,NA,NA,NA,NA,NA,NA,NA,NA,NA,"LOW",100.996504508794,92.2168479256965
"306",3,708,"20E TAYLOR CORRIDOR",2015,"6320-14215",NA,"LOW",1,"20E",5.986,63.35,-142.2917,0,0,0,0,3,0,0,0,0,0,3,3,0,3,0,NA,NA,NA,888.9375,0.998509941,0,0,NA,NA,NA,NA,NA,NA,0,NA,NA,NA,NA,NA,NA,NA,NA,NA,"LOW",101.013071195655,81.0742317915009
"307",0,708,"20E TAYLOR CORRIDOR",2015,"6318-14215",NA,"LOW",1,"20E",5.992,63.3167,-142.2917,0,0,0,0,0,0,0,0,0,0,0,0,0,0,0,NA,NA,NA,747.9333,0.93795254,0,0,NA,NA,NA,NA,NA,NA,0,NA,NA,NA,NA,NA,NA,NA,NA,NA,"LOW",101.018584633234,77.363775915985
"308",NA,708,"20E TAYLOR CORRIDOR",2015,"6316-14215",NA,"LOW",0,"20E",5.999,63.2833,-142.2917,0,0,0,0,0,0,0,0,0,0,0,0,0,0,0,NA,NA,NA,721.1334,0.46495902,0,0,NA,NA,NA,NA,NA,NA,0,NA,NA,NA,NA,NA,NA,NA,NA,NA,"LOW",101.024112983838,73.6421952705924
"309",NA,708,"20E TAYLOR CORRIDOR",2015,"6414-14210",NA,"LOW",0,"20E",5.8,64.25,-142.2083,0,0,0,0,0,0,0,0,0,0,0,0,0,0,0,NA,NA,NA,1287.6,0,0,0,NA,NA,NA,NA,NA,NA,0,NA,NA,NA,NA,NA,NA,NA,NA,NA,"LOW",104.906394544258,181.372161099736
"310",NA,708,"20E TAYLOR CORRIDOR",2015,"6412-14210",NA,"LOW",0,"20E",5.805,64.2167,-142.2083,0,0,0,0,0,0,0,0,0,0,0,0,0,0,0,NA,NA,NA,1155.5333,0,0,0,NA,NA,NA,NA,NA,NA,0,NA,NA,NA,NA,NA,NA,NA,NA,NA,"LOW",104.916816074693,177.661241751968
"311",NA,708,"20E TAYLOR CORRIDOR",2015,"6410-14210",NA,"LOW",0,"20E",5.812,64.1833,-142.2083,0,0,0,0,0,0,0,0,0,0,0,0,0,0,0,NA,NA,NA,959.9333,0,0,0,NA,NA,NA,NA,NA,NA,0,NA,NA,NA,NA,NA,NA,NA,NA,NA,"LOW",104.927265913775,173.939195811221
"312",NA,708,"20E TAYLOR CORRIDOR",2015,"6408-14210",NA,"LOW",0,"20E",5.819,64.15,-142.2083,0,0,0,0,0,0,0,0,0,0,0,0,0,0,0,NA,NA,NA,853.7333,0,0,0,NA,NA,NA,NA,NA,NA,0,NA,NA,NA,NA,NA,NA,NA,NA,NA,"LOW",104.937681484073,170.228310993531
"313",NA,708,"20E TAYLOR CORRIDOR",2015,"6404-14210",NA,"LOW",0,"20E",5.833,64.0833,-142.2083,0,0,0,0,0,0,0,0,0,0,0,0,0,0,0,NA,NA,NA,857.3333,1,0,0,NA,NA,NA,NA,NA,NA,0,NA,NA,NA,NA,NA,NA,NA,NA,NA,"LOW",104.958534933983,162.79544949369
"314",NA,708,"20E TAYLOR CORRIDOR",2015,"6356-14210",NA,"LOW",0,"20E",5.861,63.95,-142.2083,0,0,0,0,0,0,0,0,0,0,0,0,0,0,0,NA,NA,NA,645.9286,1,0,0,NA,NA,NA,NA,NA,NA,0,NA,NA,NA,NA,NA,NA,NA,NA,NA,"LOW",105.000174622286,147.941078233822
"315",NA,708,"20E TAYLOR CORRIDOR",2015,"6354-14210",NA,"LOW",0,"20E",5.868,63.9167,-142.2083,0,0,0,0,0,0,0,0,0,0,0,0,0,0,0,NA,NA,NA,606.25,1,0,0,NA,NA,NA,NA,NA,NA,0,NA,NA,NA,NA,NA,NA,NA,NA,NA,"LOW",105.010569234004,144.230314688757
"316",NA,708,"20E TAYLOR CORRIDOR",2015,"6352-14210",NA,"LOW",0,"20E",5.875,63.8833,-142.2083,0,0,0,0,0,0,0,0,0,0,0,0,0,0,0,NA,NA,NA,614.3333,1,0,0,NA,NA,NA,NA,NA,NA,0,NA,NA,NA,NA,NA,NA,NA,NA,NA,"LOW",105.020992041571,140.508425160252
"317",NA,708,"20E TAYLOR CORRIDOR",2015,"6348-14210",NA,"LOW",0,"20E",5.888,63.8167,-142.2083,0,0,0,0,0,0,0,0,0,0,0,0,0,0,0,NA,NA,NA,800.875,0.883100136,0.101925301,0,NA,NA,NA,NA,NA,NA,0,NA,NA,NA,NA,NA,NA,NA,NA,NA,"LOW",105.041766204586,133.086985098167
"318",NA,708,"20E TAYLOR CORRIDOR",2015,"6346-14210",NA,"LOW",0,"20E",5.895,63.7833,-142.2083,0,0,0,0,0,0,0,0,0,0,0,0,0,0,0,NA,NA,NA,809,0.050632749,0.446057979,0,NA,NA,NA,NA,NA,NA,0,NA,NA,NA,NA,NA,NA,NA,NA,NA,"LOW",105.052179937822,129.365147988962
"319",NA,708,"20E TAYLOR CORRIDOR",2015,"6344-14210",NA,"LOW",0,"20E",5.902,63.75,-142.2083,0,0,0,0,0,0,0,0,0,0,0,0,0,0,0,NA,NA,NA,960.5333,0,0,0,NA,NA,NA,NA,NA,NA,0,NA,NA,NA,NA,NA,NA,NA,NA,NA,"LOW",105.062559467922,125.65447156517
"320",NA,708,"20E TAYLOR CORRIDOR",2015,"6332-14210",NA,"LOW",0,"20E",5.944,63.55,-142.2083,0,0,0,0,0,0,0,0,0,0,0,0,0,0,0,NA,NA,NA,891.2,0.593138427,0,0,NA,NA,NA,NA,NA,NA,0,NA,NA,NA,NA,NA,NA,NA,NA,NA,"LOW",105.124835257464,103.368494345387
"321",NA,708,"20E TAYLOR CORRIDOR",2015,"6330-14210",NA,"LOW",0,"20E",5.951,63.5167,-142.2083,0,0,0,0,0,0,0,0,0,0,0,0,0,0,0,NA,NA,NA,732.2,0.550138229,0,0,NA,NA,NA,NA,NA,NA,0,NA,NA,NA,NA,NA,NA,NA,NA,NA,"LOW",105.135193532401,99.6579404985383
"322",NA,708,"20E TAYLOR CORRIDOR",2015,"6328-14210",NA,"LOW",0,"20E",5.958,63.4833,-142.2083,0,0,0,0,0,0,0,0,0,0,0,0,0,0,0,NA,NA,NA,749.6875,0.125272139,0,0,NA,NA,NA,NA,NA,NA,0,NA,NA,NA,NA,NA,NA,NA,NA,NA,"LOW",105.145579851601,95.9362614838295
"323",NA,708,"20E TAYLOR CORRIDOR",2015,"6326-14210",NA,"LOW",0,"20E",5.965,63.45,-142.2083,0,0,0,0,0,0,0,0,0,0,0,0,0,0,0,NA,NA,NA,861,0,0,0,NA,NA,NA,NA,NA,NA,0,NA,NA,NA,NA,NA,NA,NA,NA,NA,"LOW",105.155932018014,92.2257428196277
"324",NA,708,"20E TAYLOR CORRIDOR",2015,"6320-14210",NA,"LOW",0,"20E",5.986,63.35,-142.2083,0,0,0,0,0,0,0,0,0,0,0,0,0,0,0,NA,NA,NA,820.5625,0.791868335,0.081980361,0,NA,NA,NA,NA,NA,NA,0,NA,NA,NA,NA,NA,NA,NA,NA,NA,"LOW",105.187001228906,81.0831499011386
"325",NA,708,"20E TAYLOR CORRIDOR",2015,"6318-14210",NA,"LOW",0,"20E",5.992,63.3167,-142.2083,0,0,0,0,0,0,0,0,0,0,0,0,0,0,0,NA,NA,NA,784.8,0.896527069,0,0,NA,NA,NA,NA,NA,NA,0,NA,NA,NA,NA,NA,NA,NA,NA,NA,"LOW",105.197341145235,77.3727017322769
"326",NA,708,"20E TAYLOR CORRIDOR",2015,"6316-14210",NA,"LOW",0,"20E",5.999,63.2833,-142.2083,0,0,0,0,0,0,0,0,0,0,0,0,0,0,0,NA,NA,NA,700.3125,0.8642373,0,0,NA,NA,NA,NA,NA,NA,0,NA,NA,NA,NA,NA,NA,NA,NA,NA,"LOW",105.207709029526,73.6511288045291
"327",NA,708,"20E TAYLOR CORRIDOR",2015,"6410-14205",NA,"LOW",0,"20E",5.812,64.1833,-142.125,0,0,0,0,0,0,0,0,0,0,0,0,0,0,0,NA,NA,NA,925.1875,0,0,0,NA,NA,NA,NA,NA,NA,0,NA,NA,NA,NA,NA,NA,NA,NA,NA,"LOW",108.975085653719,173.953207505613
"328",NA,708,"20E TAYLOR CORRIDOR",2015,"6408-14205",NA,"LOW",0,"20E",5.819,64.15,-142.125,0,0,0,0,0,0,0,0,0,0,0,0,0,0,0,NA,NA,NA,841.3333,0,0,0,NA,NA,NA,NA,NA,NA,0,NA,NA,NA,NA,NA,NA,NA,NA,NA,"LOW",108.9903571898,170.242335550293
"329",NA,708,"20E TAYLOR CORRIDOR",2015,"6406-14205",NA,"HIGH",0,"20E",5.826,64.1167,-142.125,0,0,0,0,0,0,0,0,0,0,0,0,0,0,0,NA,NA,NA,609.2143,0.325756157,0,0,NA,NA,NA,NA,NA,NA,0,NA,NA,NA,NA,NA,NA,NA,NA,NA,"HIGH",109.005624355285,166.531480838741
"330",NA,708,"20E TAYLOR CORRIDOR",2015,"6404-14205",NA,"LOW",0,"20E",5.833,64.0833,-142.125,0,0,0,0,0,0,0,0,0,0,0,0,0,0,0,NA,NA,NA,669,0.999256924,0,0,NA,NA,NA,NA,NA,NA,0,NA,NA,NA,NA,NA,NA,NA,NA,NA,"LOW",109.020932972601,162.809499756637
"331",NA,708,"20E TAYLOR CORRIDOR",2015,"6400-14205",NA,"LOW",0,"20E",5.847,64.0167,-142.125,0,0,0,0,0,0,0,0,0,0,0,0,0,0,0,NA,NA,NA,730.2857,1,0,0,NA,NA,NA,NA,NA,NA,0,NA,NA,NA,NA,NA,NA,NA,NA,NA,"LOW",109.051445377621,155.38787679726
"332",NA,708,"20E TAYLOR CORRIDOR",2015,"6358-14205",NA,"LOW",0,"20E",5.854,63.9833,-142.125,0,0,0,0,0,0,0,0,0,0,0,0,0,0,0,NA,NA,NA,696.8125,1,0,0,NA,NA,NA,NA,NA,NA,0,NA,NA,NA,NA,NA,NA,NA,NA,NA,"LOW",109.066740783758,151.665947795373
"333",NA,708,"20E TAYLOR CORRIDOR",2015,"6356-14205",NA,"LOW",0,"20E",5.861,63.95,-142.125,0,0,0,0,0,0,0,0,0,0,0,0,0,0,0,NA,NA,NA,617.5333,0.974162084,0.025837916,0,NA,NA,NA,NA,NA,NA,0,NA,NA,NA,NA,NA,NA,NA,NA,NA,"LOW",109.081985992152,147.955179641531
"334",2,708,"20E TAYLOR CORRIDOR",2015,"6354-14205",NA,"LOW",1,"20E",5.868,63.9167,-142.125,0,0,0,0,0,2,0,0,0,0,2,2,2,0,0,NA,NA,NA,622.8,0.567435463,0.432564537,0,NA,NA,NA,NA,NA,NA,0,NA,NA,NA,NA,NA,NA,NA,NA,NA,"LOW",109.097226798854,144.244428825298
"335",NA,708,"20E TAYLOR CORRIDOR",2015,"6352-14205",NA,"LOW",0,"20E",5.875,63.8833,-142.125,0,0,0,0,0,0,0,0,0,0,0,0,0,0,0,NA,NA,NA,640.6875,1,0,0,NA,NA,NA,NA,NA,NA,0,NA,NA,NA,NA,NA,NA,NA,NA,NA,"LOW",109.112508947006,140.522552044633
"336",NA,708,"20E TAYLOR CORRIDOR",2015,"6346-14205",NA,"LOW",0,"20E",5.895,63.7833,-142.125,0,0,0,0,0,0,0,0,0,0,0,0,0,0,0,NA,NA,NA,857.5,0,0.931308216,0,NA,NA,NA,NA,NA,NA,0,NA,NA,NA,NA,NA,NA,NA,NA,NA,"LOW",109.158237322293,129.379312925293
"337",NA,708,"20E TAYLOR CORRIDOR",2015,"6344-14205",NA,"LOW",0,"20E",5.902,63.75,-142.125,0,0,0,0,0,0,0,0,0,0,0,0,0,0,0,NA,NA,NA,841.6667,0,0.009496429,0,NA,NA,NA,NA,NA,NA,0,NA,NA,NA,NA,NA,NA,NA,NA,NA,"LOW",109.173456016393,125.668649134399
"338",NA,708,"20E TAYLOR CORRIDOR",2015,"6342-14205",NA,"LOW",0,"20E",5.909,63.7167,-142.125,0,0,0,0,0,0,0,0,0,0,0,0,0,0,0,NA,NA,NA,833.8,0,0,0,NA,NA,NA,NA,NA,NA,0,NA,NA,NA,NA,NA,NA,NA,NA,NA,"LOW",109.188670277766,121.958002774096
"339",NA,708,"20E TAYLOR CORRIDOR",2015,"6336-14205",NA,"LOW",0,"20E",5.93,63.6167,-142.125,0,0,0,0,0,0,0,0,0,0,0,0,0,0,0,NA,NA,NA,776.1875,0,0,0,NA,NA,NA,NA,NA,NA,0,NA,NA,NA,NA,NA,NA,NA,NA,NA,"LOW",109.234332055668,110.815025532095
"340",NA,708,"20E TAYLOR CORRIDOR",2015,"6334-14205",NA,"LOW",0,"20E",5.937,63.5833,-142.125,0,0,0,0,0,0,0,0,0,0,0,0,0,0,0,NA,NA,NA,851.125,0,0,0,NA,NA,NA,NA,NA,NA,0,NA,NA,NA,NA,NA,NA,NA,NA,NA,"LOW",109.24957414948,107.093306254654
"341",NA,708,"20E TAYLOR CORRIDOR",2015,"6332-14205",NA,"LOW",0,"20E",5.944,63.55,-142.125,0,0,0,0,0,0,0,0,0,0,0,0,0,0,0,NA,NA,NA,846.2667,0,0,0,NA,NA,NA,NA,NA,NA,0,NA,NA,NA,NA,NA,NA,NA,NA,NA,"LOW",109.264766143045,103.382747383009
"342",NA,708,"20E TAYLOR CORRIDOR",2015,"6330-14205",NA,"LOW",0,"20E",5.951,63.5167,-142.125,0,0,0,0,0,0,0,0,0,0,0,0,0,0,0,NA,NA,NA,711.625,0,0,0,NA,NA,NA,NA,NA,NA,0,NA,NA,NA,NA,NA,NA,NA,NA,NA,"LOW",109.279953672911,99.6722060340783
"343",0,708,"20E TAYLOR CORRIDOR",2015,"6328-14205",NA,"LOW",1,"20E",5.958,63.4833,-142.125,0,0,0,0,0,0,0,0,0,0,0,0,0,0,0,NA,NA,NA,745.3125,0,0,0,NA,NA,NA,NA,NA,NA,0,NA,NA,NA,NA,NA,NA,NA,NA,NA,"LOW",109.295182321969,95.9505395353986
"344",NA,708,"20E TAYLOR CORRIDOR",2015,"6326-14205",NA,"LOW",0,"20E",5.965,63.45,-142.125,0,0,0,0,0,0,0,0,0,0,0,0,0,0,0,NA,NA,NA,845.9333,0,0,0,NA,NA,NA,NA,NA,NA,0,NA,NA,NA,NA,NA,NA,NA,NA,NA,"LOW",109.310360895542,92.2400333303744
"345",NA,708,"20E TAYLOR CORRIDOR",2015,"6318-14205",NA,"LOW",0,"20E",5.992,63.3167,-142.125,0,0,0,0,0,0,0,0,0,0,0,0,0,0,0,NA,NA,NA,716.8,0.112369308,0.549005967,0,NA,NA,NA,NA,NA,NA,0,NA,NA,NA,NA,NA,NA,NA,NA,NA,"LOW",109.371075867389,77.3870419230405
"346",NA,708,"20E TAYLOR CORRIDOR",2015,"6316-14205",NA,"LOW",0,"20E",5.999,63.2833,-142.125,0,0,0,0,0,0,0,0,0,0,0,0,0,0,0,NA,NA,NA,776.5,0.390001129,0.456932684,0,NA,NA,NA,NA,NA,NA,0,NA,NA,NA,NA,NA,NA,NA,NA,NA,"LOW",109.386277487257,73.6654813945014
"347",NA,708,"20E TAYLOR CORRIDOR",2015,"6406-14200",NA,"LOW",0,"20E",5.826,64.1167,-142.0417,0,0,0,0,0,0,0,0,0,0,0,0,0,0,0,NA,NA,NA,757.7857,0.25068811,0,0,NA,NA,NA,NA,NA,NA,0,NA,NA,NA,NA,NA,NA,NA,NA,NA,"LOW",113.063137951422,166.550825583962
"348",2,708,"20E TAYLOR CORRIDOR",2015,"6404-14200",NA,"HIGH",1,"20E",5.833,64.0833,-142.0417,0,0,0,0,0,0,1,0,0,0,2,1,1,0,1,NA,NA,NA,627.3333,0.711825475,0,0,NA,NA,NA,NA,NA,NA,0,NA,NA,NA,NA,NA,NA,NA,NA,NA,"HIGH",113.083314330288,162.828862228048
"349",NA,708,"20E TAYLOR CORRIDOR",2015,"6402-14200",NA,"HIGH",0,"20E",5.84,64.05,-142.0417,0,0,0,0,0,0,0,0,0,0,0,0,0,0,0,NA,NA,NA,626.75,0.976447347,0,0,NA,NA,NA,NA,NA,NA,0,NA,NA,NA,NA,NA,NA,NA,NA,NA,"HIGH",113.103424518299,159.118059749796
"350",NA,708,"20E TAYLOR CORRIDOR",2015,"6358-14200",NA,"LOW",0,"20E",5.854,63.9833,-142.0417,0,0,0,0,0,0,0,0,0,0,0,0,0,0,0,NA,NA,NA,594.1334,1,0,0,NA,NA,NA,NA,NA,NA,0,NA,NA,NA,NA,NA,NA,NA,NA,NA,"LOW",113.143687892901,151.68536318126
"351",NA,708,"20E TAYLOR CORRIDOR",2015,"6356-14200",NA,"LOW",0,"20E",5.861,63.95,-142.0417,0,0,0,0,0,0,0,0,0,0,0,0,0,0,0,NA,NA,NA,589.5625,0.521967955,0.478032045,0,NA,NA,NA,NA,NA,NA,0,NA,NA,NA,NA,NA,NA,NA,NA,NA,"LOW",113.163780700945,147.974612595301
"352",0,708,"20E TAYLOR CORRIDOR",2015,"6354-14200",NA,"LOW",1,"20E",5.868,63.9167,-142.0417,0,0,0,0,0,0,0,0,0,0,0,0,0,0,0,NA,NA,NA,618.8571,0.022030026,0.977969974,0,NA,NA,NA,NA,NA,NA,0,NA,NA,NA,NA,NA,NA,NA,NA,NA,"LOW",113.183867707812,144.263879320613
"353",NA,708,"20E TAYLOR CORRIDOR",2015,"6352-14200",NA,"LOW",0,"20E",5.875,63.8833,-142.0417,0,0,0,0,0,0,0,0,0,0,0,0,0,0,0,NA,NA,NA,622.5333,0.559315392,0.440684608,0,NA,NA,NA,NA,NA,NA,0,NA,NA,NA,NA,NA,NA,NA,NA,NA,"LOW",113.204009201832,140.54202010769
"354",NA,708,"20E TAYLOR CORRIDOR",2015,"6346-14200",NA,"LOW",0,"20E",5.895,63.7833,-142.0417,0,0,0,0,0,0,0,0,0,0,0,0,0,0,0,NA,NA,NA,749.1429,0,1,0,NA,NA,NA,NA,NA,NA,0,NA,NA,NA,NA,NA,NA,NA,NA,NA,"LOW",113.264278072501,129.398833427575
"355",2,708,"20E TAYLOR CORRIDOR",2015,"6344-14200",NA,"LOW",1,"20E",5.902,63.75,-142.0417,0,0,0,0,0,2,0,0,0,0,2,2,2,0,0,NA,NA,NA,726.2941,0.09576558,0.380175008,0,NA,NA,NA,NA,NA,NA,0,NA,NA,NA,NA,NA,NA,NA,NA,NA,"LOW",113.284335936217,125.688187046022
"356",NA,708,"20E TAYLOR CORRIDOR",2015,"6342-14200",NA,"LOW",0,"20E",5.909,63.7167,-142.0417,0,0,0,0,0,0,0,0,0,0,0,0,0,0,0,NA,NA,NA,706.9333,0.544001203,0,0,NA,NA,NA,NA,NA,NA,0,NA,NA,NA,NA,NA,NA,NA,NA,NA,"LOW",113.304387957853,121.977558068581
"357",NA,708,"20E TAYLOR CORRIDOR",2015,"6340-14200",NA,"LOW",0,"20E",5.916,63.6833,-142.0417,0,0,0,0,0,0,0,0,0,0,0,0,0,0,0,NA,NA,NA,677.3571,0.584169783,0,0,NA,NA,NA,NA,NA,NA,0,NA,NA,NA,NA,NA,NA,NA,NA,NA,"LOW",113.324494320508,118.255803559227
"358",NA,708,"20E TAYLOR CORRIDOR",2015,"6338-14200",NA,"LOW",0,"20E",5.924,63.65,-142.0417,0,0,0,0,0,0,0,0,0,0,0,0,0,0,0,NA,NA,NA,684.1765,0.114450075,0,0,NA,NA,NA,NA,NA,NA,0,NA,NA,NA,NA,NA,NA,NA,NA,NA,"LOW",113.344534619983,114.545209488492
"359",NA,708,"20E TAYLOR CORRIDOR",2015,"6336-14200",NA,"LOW",0,"20E",5.93,63.6167,-142.0417,0,0,0,0,0,0,0,0,0,0,0,0,0,0,0,NA,NA,NA,696.4667,0,0,0,NA,NA,NA,NA,NA,NA,0,NA,NA,NA,NA,NA,NA,NA,NA,NA,"LOW",113.364569056957,110.834632867971
"360",NA,708,"20E TAYLOR CORRIDOR",2015,"6334-14200",NA,"LOW",0,"20E",5.937,63.5833,-142.0417,0,0,0,0,0,0,0,0,0,0,0,0,0,0,0,NA,NA,NA,703.9286,0,0,0,NA,NA,NA,NA,NA,NA,0,NA,NA,NA,NA,NA,NA,NA,NA,NA,"LOW",113.384657761637,107.112930918999
"361",NA,708,"20E TAYLOR CORRIDOR",2015,"6332-14200",NA,"LOW",0,"20E",5.944,63.55,-142.0417,0,0,0,0,0,0,0,0,0,0,0,0,0,0,0,NA,NA,NA,722.8235,0,0,0,NA,NA,NA,NA,NA,NA,0,NA,NA,NA,NA,NA,NA,NA,NA,NA,"LOW",113.404680435567,103.402389297307
"362",NA,708,"20E TAYLOR CORRIDOR",2015,"6330-14200",NA,"LOW",0,"20E",5.951,63.5167,-142.0417,0,0,0,0,0,0,0,0,0,0,0,0,0,0,0,NA,NA,NA,702.1429,0,0,0,NA,NA,NA,NA,NA,NA,0,NA,NA,NA,NA,NA,NA,NA,NA,NA,"LOW",113.424697226595,99.6918651717063
"363",NA,708,"20E TAYLOR CORRIDOR",2015,"6328-14200",NA,"LOW",0,"20E",5.958,63.4833,-142.0417,0,0,0,0,0,0,0,0,0,0,0,0,0,0,0,NA,NA,NA,828.2,0,0,0,NA,NA,NA,NA,NA,NA,0,NA,NA,NA,NA,NA,NA,NA,NA,NA,"LOW",113.444768211852,95.9702159213163
"364",NA,708,"20E TAYLOR CORRIDOR",2015,"6322-14200",NA,"LOW",0,"20E",5.978,63.3833,-142.0417,0,0,0,0,0,0,0,0,0,0,0,0,0,0,0,NA,NA,NA,744.2667,0,0.017692263,0,NA,NA,NA,NA,NA,NA,0,NA,NA,NA,NA,NA,NA,NA,NA,NA,"LOW",113.504825487302,84.8276589786448
"365",NA,708,"20E TAYLOR CORRIDOR",2015,"6320-14200",NA,"LOW",0,"20E",5.986,63.35,-142.0417,0,0,0,0,0,0,0,0,0,0,0,0,0,0,0,NA,NA,NA,679.4706,0,0.831243789,0,NA,NA,NA,NA,NA,NA,0,NA,NA,NA,NA,NA,NA,NA,NA,NA,"LOW",113.524812726474,81.1172226670869
"366",NA,708,"20E TAYLOR CORRIDOR",2015,"6318-14200",NA,"LOW",0,"20E",5.992,63.3167,-142.0417,0,0,0,0,0,0,0,0,0,0,0,0,0,0,0,NA,NA,NA,717.4667,0,0.853196021,0,NA,NA,NA,NA,NA,NA,0,NA,NA,NA,NA,NA,NA,NA,NA,NA,"LOW",113.544794042003,77.4068039427381
"367",NA,708,"20E TAYLOR CORRIDOR",2015,"6316-14200",TRUE,"LOW",0,"20E",5.999,63.2833,-142.0417,0,0,0,0,0,0,0,0,0,0,0,0,0,0,0,NA,NA,NA,816.3333,0,0.223692816,0,NA,NA,NA,NA,NA,NA,0,NA,NA,NA,NA,NA,NA,NA,NA,NA,"LOW",113.564829404318,73.6852605014993
"368",NA,708,"20E TAYLOR CORRIDOR",2015,"6406-14155",NA,"LOW",0,"20E",5.826,64.1167,-141.9583,0,0,0,0,0,0,0,0,0,0,0,0,0,0,0,NA,NA,NA,803.5,0,0,0,NA,NA,NA,NA,NA,NA,0,NA,NA,NA,NA,NA,NA,NA,NA,NA,"LOW",117.125500479025,166.575510464096
"369",NA,708,"20E TAYLOR CORRIDOR",2015,"6404-14155",NA,"LOW",0,"20E",5.833,64.0833,-141.9583,0,0,0,0,0,0,0,0,0,0,0,0,0,0,0,NA,NA,NA,612.2,0.035659218,0,0,NA,NA,NA,NA,NA,NA,0,NA,NA,NA,NA,NA,NA,NA,NA,NA,"LOW",117.150550469371,162.853569727902
"370",NA,708,"20E TAYLOR CORRIDOR",2015,"6402-14155",NA,"LOW",0,"20E",5.84,64.05,-141.9583,0,0,0,0,0,0,0,0,0,0,0,0,0,0,0,NA,NA,NA,532.2,0.717472875,0,0,NA,NA,NA,NA,NA,NA,0,NA,NA,NA,NA,NA,NA,NA,NA,NA,"LOW",117.175518280665,159.142789768112
"371",NA,708,"20E TAYLOR CORRIDOR",2015,"6358-14155",NA,"LOW",0,"20E",5.854,63.9833,-141.9583,0,0,0,0,0,0,0,0,0,0,0,0,0,0,0,NA,NA,NA,604.1334,0.933691103,0.066308897,0,NA,NA,NA,NA,NA,NA,0,NA,NA,NA,NA,NA,NA,NA,NA,NA,"LOW",117.225507288831,151.710138203283
"372",NA,708,"20E TAYLOR CORRIDOR",2015,"6356-14155",NA,"LOW",0,"20E",5.861,63.95,-141.9583,0,0,0,0,0,0,0,0,0,0,0,0,0,0,0,NA,NA,NA,663.6,0.327113477,0.672886523,0,NA,NA,NA,NA,NA,NA,0,NA,NA,NA,NA,NA,NA,NA,NA,NA,"LOW",117.250453522698,147.999410035038
"373",NA,708,"20E TAYLOR CORRIDOR",2015,"6354-14155",NA,"LOW",0,"20E",5.868,63.9167,-141.9583,0,0,0,0,0,0,0,0,0,0,0,0,0,0,0,NA,NA,NA,700.5,0.001244117,0.998755883,0,NA,NA,NA,NA,NA,NA,0,NA,NA,NA,NA,NA,NA,NA,NA,NA,"LOW",117.275392554335,144.288699144457
"374",NA,708,"20E TAYLOR CORRIDOR",2015,"6352-14155",NA,"LOW",0,"20E",5.875,63.8833,-141.9583,0,0,0,0,0,0,0,0,0,0,0,0,0,0,0,NA,NA,NA,712,0,1,0,NA,NA,NA,NA,NA,NA,0,NA,NA,NA,NA,NA,NA,NA,NA,NA,"LOW",117.300399234747,140.56686234907
"375",NA,708,"20E TAYLOR CORRIDOR",2015,"6348-14155",NA,"LOW",0,"20E",5.888,63.8167,-141.9583,0,0,0,0,0,0,0,0,0,0,0,0,0,0,0,NA,NA,NA,689.7333,0,1,0,NA,NA,NA,NA,NA,NA,0,NA,NA,NA,NA,NA,NA,NA,NA,NA,"LOW",117.350241167322,133.145527199543
"376",NA,708,"20E TAYLOR CORRIDOR",2015,"6346-14155",NA,"LOW",0,"20E",5.895,63.7833,-141.9583,0,0,0,0,0,0,0,0,0,0,0,0,0,0,0,NA,NA,NA,725.6667,0,1,0,NA,NA,NA,NA,NA,NA,0,NA,NA,NA,NA,NA,NA,NA,NA,NA,"LOW",117.375226077954,129.423742584687
"377",NA,708,"20E TAYLOR CORRIDOR",2015,"6344-14155",NA,"LOW",0,"20E",5.902,63.75,-141.9583,0,0,0,0,0,0,0,0,0,0,0,0,0,0,0,NA,NA,NA,657.8666,0,0.437633161,0,NA,NA,NA,NA,NA,NA,0,NA,NA,NA,NA,NA,NA,NA,NA,NA,"LOW",117.400128928034,125.713118418543
"378",NA,708,"20E TAYLOR CORRIDOR",2015,"6342-14155",NA,"LOW",0,"20E",5.909,63.7167,-141.9583,0,0,0,0,0,0,0,0,0,0,0,0,0,0,0,NA,NA,NA,700.125,0.222839626,0,0,NA,NA,NA,NA,NA,NA,0,NA,NA,NA,NA,NA,NA,NA,NA,NA,"LOW",117.425024525102,122.00251162272
"379",NA,708,"20E TAYLOR CORRIDOR",2015,"6340-14155",NA,"LOW",0,"20E",5.916,63.6833,-141.9583,0,0,0,0,0,0,0,0,0,0,0,0,0,0,0,NA,NA,NA,658.6,0.880766599,0,0,NA,NA,NA,NA,NA,NA,0,NA,NA,NA,NA,NA,NA,NA,NA,NA,"LOW",117.449987589515,118.280779327626
"380",NA,708,"20E TAYLOR CORRIDOR",2015,"6338-14155",NA,"LOW",0,"20E",5.924,63.65,-141.9583,0,0,0,0,0,0,0,0,0,0,0,0,0,0,0,NA,NA,NA,616.0667,0.698060377,0,0,NA,NA,NA,NA,NA,NA,0,NA,NA,NA,NA,NA,NA,NA,NA,NA,"LOW",117.474868633383,114.570207370743
"381",NA,708,"20E TAYLOR CORRIDOR",2015,"6336-14155",NA,"LOW",0,"20E",5.93,63.6167,-141.9583,0,0,0,0,0,0,0,0,0,0,0,0,0,0,0,NA,NA,NA,629.125,0.23976351,0,0,NA,NA,NA,NA,NA,NA,0,NA,NA,NA,NA,NA,NA,NA,NA,NA,"LOW",117.499742398886,110.859652830196
"382",0,708,"20E TAYLOR CORRIDOR",2015,"6334-14155",NA,"LOW",1,"20E",5.937,63.5833,-141.9583,0,0,0,0,0,0,0,0,0,0,0,0,0,0,0,NA,NA,NA,644.2,0,0,0,NA,NA,NA,NA,NA,NA,0,NA,NA,NA,NA,NA,NA,NA,NA,NA,"LOW",117.524683540716,107.137972993441
"383",NA,708,"20E TAYLOR CORRIDOR",2015,"6332-14155",NA,"LOW",0,"20E",5.944,63.55,-141.9583,0,0,0,0,0,0,0,0,0,0,0,0,0,0,0,NA,NA,NA,682.9333,0,0,0,NA,NA,NA,NA,NA,NA,0,NA,NA,NA,NA,NA,NA,NA,NA,NA,"LOW",117.549542702261,103.427453383772
"384",NA,708,"20E TAYLOR CORRIDOR",2015,"6406-14150",NA,"LOW",0,"20E",5.826,64.1167,-141.875,0,0,0,0,0,0,0,0,0,0,0,0,0,0,0,NA,NA,NA,789.2,0,0,0,NA,NA,NA,NA,NA,NA,0,NA,NA,NA,NA,NA,NA,NA,NA,NA,"LOW",121.182964750268,166.605476290384
"385",NA,708,"20E TAYLOR CORRIDOR",2015,"6404-14150",NA,"LOW",0,"20E",5.833,64.0833,-141.875,0,0,0,0,0,0,0,0,0,0,0,0,0,0,0,NA,NA,NA,709.75,0,0,0,NA,NA,NA,NA,NA,NA,0,NA,NA,NA,NA,NA,NA,NA,NA,NA,"LOW",121.212882516222,162.883563013349
"386",NA,708,"20E TAYLOR CORRIDOR",2015,"6402-14150",NA,"LOW",0,"20E",5.84,64.05,-141.875,0,0,0,0,0,0,0,0,0,0,0,0,0,0,0,NA,NA,NA,604,0.490235227,0.004230611,0,NA,NA,NA,NA,NA,NA,0,NA,NA,NA,NA,NA,NA,NA,NA,NA,"LOW",121.242702134214,159.172810389791
"387",NA,708,"20E TAYLOR CORRIDOR",2015,"6358-14150",NA,"LOW",0,"20E",5.854,63.9833,-141.875,0,0,0,0,0,0,0,0,0,0,0,0,0,0,0,NA,NA,NA,710.6875,0.193176313,0.806823687,0,NA,NA,NA,NA,NA,NA,0,NA,NA,NA,NA,NA,NA,NA,NA,NA,"LOW",121.302405130779,151.740213457116
"388",NA,708,"20E TAYLOR CORRIDOR",2015,"6356-14150",NA,"LOW",0,"20E",5.861,63.95,-141.875,0,0,0,0,0,0,0,0,0,0,0,0,0,0,0,NA,NA,NA,731.9286,0.003295636,0.996704364,0,NA,NA,NA,NA,NA,NA,0,NA,NA,NA,NA,NA,NA,NA,NA,NA,"LOW",121.332198979347,148.029512502812
"389",NA,708,"20E TAYLOR CORRIDOR",2015,"6344-14150",NA,"LOW",0,"20E",5.902,63.75,-141.875,0,0,0,0,0,0,0,0,0,0,0,0,0,0,0,NA,NA,NA,759.0667,0,0.415887899,0,NA,NA,NA,NA,NA,NA,0,NA,NA,NA,NA,NA,NA,NA,NA,NA,"LOW",121.510959691551,125.743383473768
"390",NA,708,"20E TAYLOR CORRIDOR",2015,"6340-14150",NA,"LOW",0,"20E",5.916,63.6833,-141.875,0,0,0,0,0,0,0,0,0,0,0,0,0,0,0,NA,NA,NA,789.6,0.975502046,0,0,NA,NA,NA,NA,NA,NA,0,NA,NA,NA,NA,NA,NA,NA,NA,NA,"LOW",121.570507018047,118.31109827716
"391",0,708,"20E TAYLOR CORRIDOR",2015,"6338-14150",NA,"LOW",1,"20E",5.924,63.65,-141.875,0,0,0,0,0,0,0,0,0,0,0,0,0,0,0,NA,NA,NA,734.8666,1,0,0,NA,NA,NA,NA,NA,NA,0,NA,NA,NA,NA,NA,NA,NA,NA,NA,"LOW",121.600223011685,114.600553165352
"392",NA,708,"20E TAYLOR CORRIDOR",2015,"6408-14145",NA,"LOW",0,"20E",5.819,64.15,-141.7917,0,0,0,0,0,0,0,0,0,0,0,0,0,0,0,NA,NA,NA,620.5,0.251921537,0,0,NA,NA,NA,NA,NA,NA,0,NA,NA,NA,NA,NA,NA,NA,NA,NA,"LOW",125.205705052497,170.351504219504
"393",0,708,"20E TAYLOR CORRIDOR",2015,"6406-14145",NA,"LOW",1,"20E",5.826,64.1167,-141.7917,0,0,0,0,0,0,0,0,0,0,0,0,0,0,0,NA,NA,NA,709.3571,0.164689132,0,0,NA,NA,NA,NA,NA,NA,0,NA,NA,NA,NA,NA,NA,NA,NA,NA,"LOW",125.240396411565,166.640749484536
"394",NA,708,"20E TAYLOR CORRIDOR",2015,"6404-14145",NA,"LOW",0,"20E",5.833,64.0833,-141.7917,0,0,0,0,0,0,0,0,0,0,0,0,0,0,0,NA,NA,NA,638.6,0.196834434,0,0,NA,NA,NA,NA,NA,NA,0,NA,NA,NA,NA,NA,NA,NA,NA,NA,"LOW",125.275181962417,162.918868530483
"395",NA,708,"20E TAYLOR CORRIDOR",2015,"6346-14145",NA,"LOW",0,"20E",5.895,63.7833,-141.7917,0,0,0,0,0,0,0,0,0,0,0,0,0,0,0,NA,NA,NA,961.7333,0.353427049,0.272485037,0,NA,NA,NA,NA,NA,NA,0,NA,NA,NA,NA,NA,NA,NA,NA,NA,"LOW",125.587176723052,129.489574351715
"396",NA,708,"20E TAYLOR CORRIDOR",2015,"6344-14145",NA,"LOW",0,"20E",5.902,63.75,-141.7917,0,0,0,0,0,0,0,0,0,0,0,0,0,0,0,NA,NA,NA,798.5625,0.400794842,0.023972647,0,NA,NA,NA,NA,NA,NA,0,NA,NA,NA,NA,NA,NA,NA,NA,NA,"LOW",125.621757956552,125.779008899192
"397",NA,708,"20E TAYLOR CORRIDOR",2015,"6342-14145",NA,"LOW",0,"20E",5.909,63.7167,-141.7917,0,0,0,0,0,0,0,0,0,0,0,0,0,0,0,NA,NA,NA,927.7143,0.621293549,0,0,NA,NA,NA,NA,NA,NA,0,NA,NA,NA,NA,NA,NA,NA,NA,NA,"LOW",125.656329119022,122.068460727697
"398",NA,708,"20E TAYLOR CORRIDOR",2015,"6338-14145",NA,"LOW",0,"20E",5.924,63.65,-141.7917,0,0,0,0,0,0,0,0,0,0,0,0,0,0,0,NA,NA,NA,869.125,1,0,0,NA,NA,NA,NA,NA,NA,0,NA,NA,NA,NA,NA,NA,NA,NA,NA,"LOW",125.725544925462,114.636273631541
"399",NA,708,"20E TAYLOR CORRIDOR",2016,"6346-14305",NA,"LOW",0,"20E",5.895,63.7833,-143.125,0,0,0,0,0,0,0,0,0,0,0,0,0,0,0,NA,NA,NA,794.2857,1,0,0,NA,NA,NA,NA,NA,NA,0,NA,NA,NA,NA,NA,NA,NA,NA,NA,"LOW",59.8662475352334,129.563028749696
"400",NA,708,"20E TAYLOR CORRIDOR",2016,"6348-14305",NA,"LOW",0,"20E",5.888,63.8167,-143.125,0,0,0,0,0,0,0,0,0,0,0,0,0,0,0,NA,NA,NA,709.5333,1,0,0,NA,NA,NA,NA,NA,NA,0,NA,NA,NA,NA,NA,NA,NA,NA,NA,"LOW",59.9092634663291,133.284688574342
"401",NA,708,"20E TAYLOR CORRIDOR",2016,"6350-14305",NA,"LOW",1,"20E",5.882,63.85,-143.125,0,0,0,0,0,0,0,0,0,0,0,0,0,0,0,NA,NA,NA,704.6667,1,0,0,NA,NA,NA,NA,NA,NA,0,NA,NA,NA,NA,NA,NA,NA,NA,NA,"LOW",59.952163081949,136.995222881592
"402",NA,708,"20E TAYLOR CORRIDOR",2016,"6352-14305",NA,"LOW",0,"20E",5.875,63.8833,-143.125,0,0,0,0,0,0,0,0,0,0,0,0,0,0,0,NA,NA,NA,718.7857,1,0,0,NA,NA,NA,NA,NA,NA,0,NA,NA,NA,NA,NA,NA,NA,NA,NA,"LOW",59.9950751390346,140.70577432452
"403",NA,708,"20E TAYLOR CORRIDOR",2016,"6354-14305",NA,"LOW",0,"20E",5.868,63.9167,-143.125,0,0,0,0,0,0,0,0,0,0,0,0,0,0,0,NA,NA,NA,749.2,1,0,0,NA,NA,NA,NA,NA,NA,0,NA,NA,NA,NA,NA,NA,NA,NA,NA,"LOW",60.038128544082,144.427485762156
"404",NA,708,"20E TAYLOR CORRIDOR",2016,"6342-14300",NA,"HIGH",1,"20E",5.909,63.7167,-143.0417,0,0,0,0,0,0,0,0,0,0,0,0,0,0,0,NA,NA,NA,854.4375,1,0,0,NA,NA,NA,NA,NA,NA,0,NA,NA,NA,NA,NA,NA,NA,NA,NA,"HIGH",63.8960788004504,122.097194154248
"405",NA,708,"20E TAYLOR CORRIDOR",2016,"6346-14300",NA,"HIGH",0,"20E",5.895,63.7833,-143.0417,0,0,0,0,0,0,0,0,0,0,0,0,0,0,0,NA,NA,NA,759.0625,1,0,0,NA,NA,NA,NA,NA,NA,0,NA,NA,NA,NA,NA,NA,NA,NA,NA,"HIGH",63.9721385866665,129.518256654195
"406",NA,708,"20E TAYLOR CORRIDOR",2016,"6352-14300",NA,"LOW",0,"20E",5.875,63.8833,-143.0417,0,0,0,0,0,0,0,0,0,0,0,0,0,0,0,NA,NA,NA,707.625,0.999997417,0,0,NA,NA,NA,NA,NA,NA,0,NA,NA,NA,NA,NA,NA,NA,NA,NA,"LOW",64.0864255480583,140.661122510687
"407",NA,708,"20E TAYLOR CORRIDOR",2016,"6354-14300",NA,"LOW",0,"20E",5.868,63.9167,-143.0417,0,0,0,0,0,0,0,0,0,0,0,0,0,0,0,NA,NA,NA,734.125,0.28219257,0,0,NA,NA,NA,NA,NA,NA,0,NA,NA,NA,NA,NA,NA,NA,NA,NA,"LOW",64.1246195597141,144.382874244042
"408",NA,708,"20E TAYLOR CORRIDOR",2016,"6356-14300",NA,"LOW",0,"20E",5.861,63.95,-143.0417,0,0,0,0,0,0,0,0,0,0,0,0,0,0,0,NA,NA,NA,834.5714,0.397778677,0,0,NA,NA,NA,NA,NA,NA,0,NA,NA,NA,NA,NA,NA,NA,NA,NA,"LOW",64.1627102465456,148.093500199445
"409",NA,708,"20E TAYLOR CORRIDOR",2016,"6344-14255",NA,"HIGH",1,"20E",5.902,63.75,-142.9583,0,0,0,1,1,0,0,0,0,0,2,2,0,2,0,NA,NA,NA,771.0667,1,0,0,NA,NA,NA,NA,NA,NA,0,NA,NA,NA,NA,NA,NA,NA,NA,NA,"HIGH",68.0498099115031,125.768221009829
"410",NA,708,"20E TAYLOR CORRIDOR",2016,"6354-14255",NA,"LOW",0,"20E",5.868,63.9167,-142.9583,0,0,0,0,0,0,0,0,0,0,0,0,0,0,0,NA,NA,NA,725.1334,0.007946677,0,0,NA,NA,NA,NA,NA,NA,0,NA,NA,NA,NA,NA,NA,NA,NA,NA,"LOW",68.2160580294192,144.343555190114
"411",NA,708,"20E TAYLOR CORRIDOR",2016,"6356-14255",NA,"LOW",1,"20E",5.861,63.95,-142.9583,0,0,0,0,0,0,0,0,0,0,0,0,0,0,0,NA,NA,NA,813,0,0,0,NA,NA,NA,NA,NA,NA,0,NA,NA,NA,NA,NA,NA,NA,NA,NA,"LOW",68.2492966646294,148.054216607206
"412",NA,708,"20E TAYLOR CORRIDOR",2016,"6358-14255",NA,"LOW",0,"20E",5.854,63.9833,-142.9583,0,0,0,0,0,0,0,0,0,0,0,0,0,0,0,NA,NA,NA,946.3125,0,0.410873043,0,NA,NA,NA,NA,NA,NA,0,NA,NA,NA,NA,NA,NA,NA,NA,NA,"LOW",68.2825448982747,151.764895227679
"413",NA,708,"20E TAYLOR CORRIDOR",2016,"6356-14250",NA,"LOW",0,"20E",5.861,63.95,-142.875,0,0,0,0,0,0,0,0,0,0,0,0,0,0,0,NA,NA,NA,754.8125,0.000507251,0,0,NA,NA,NA,NA,NA,NA,0,NA,NA,NA,NA,NA,NA,NA,NA,NA,"LOW",72.3310194604744,148.020314897249
"414",NA,708,"20E TAYLOR CORRIDOR",2016,"6358-14250",NA,"LOW",0,"20E",5.854,63.9833,-142.875,0,0,0,0,0,0,0,0,0,0,0,0,0,0,0,NA,NA,NA,1033.2,0,0.067383189,0,NA,NA,NA,NA,NA,NA,0,NA,NA,NA,NA,NA,NA,NA,NA,NA,"LOW",72.3594200724952,151.731024166625
"415",NA,708,"20E TAYLOR CORRIDOR",2016,"6400-14250",NA,"LOW",0,"20E",5.847,64.0167,-142.875,0,0,0,0,0,0,0,0,0,0,0,0,0,0,0,NA,NA,NA,1078.4,0,0.180339244,0,NA,NA,NA,NA,NA,NA,0,NA,NA,NA,NA,NA,NA,NA,NA,NA,"LOW",72.3879141982462,155.452894018616
"416",NA,708,"20E TAYLOR CORRIDOR",2016,"6354-14245",NA,"LOW",0,"20E",5.868,63.9167,-142.7917,0,0,0,0,0,0,0,0,0,0,0,0,0,0,0,NA,NA,NA,787,0.999210011,0,0,NA,NA,NA,NA,NA,NA,0,NA,NA,NA,NA,NA,NA,NA,NA,NA,"LOW",76.3892270955655,144.281026945414
"417",NA,708,"20E TAYLOR CORRIDOR",2016,"6356-14245",NA,"LOW",0,"20E",5.861,63.95,-142.7917,0,0,0,0,0,0,0,0,0,0,0,0,0,0,0,NA,NA,NA,728,0.486592469,0,0,NA,NA,NA,NA,NA,NA,0,NA,NA,NA,NA,NA,NA,NA,NA,NA,"LOW",76.4127732953905,147.9917447553
"418",NA,708,"20E TAYLOR CORRIDOR",2016,"6400-14245",NA,"LOW",0,"20E",5.847,64.0167,-142.7917,0,0,0,0,0,0,0,0,0,0,0,0,0,0,0,NA,NA,NA,1064.5294,0,0,0,NA,NA,NA,NA,NA,NA,0,NA,NA,NA,NA,NA,NA,NA,NA,NA,"LOW",76.4599568475582,155.424375650214
"419",NA,708,"20E TAYLOR CORRIDOR",2016,"6404-14245",NA,"LOW",0,"20E",5.833,64.0833,-142.7917,0,0,0,0,0,0,0,0,0,0,0,0,0,0,0,NA,NA,NA,786.2,0.947374491,0,0,NA,NA,NA,NA,NA,NA,0,NA,NA,NA,NA,NA,NA,NA,NA,NA,"LOW",76.5070968163435,162.845932250096
"420",NA,708,"20E TAYLOR CORRIDOR",2016,"6412-14245",NA,"LOW",0,"20E",5.805,64.2167,-142.7917,0,0,0,0,0,0,0,0,0,0,0,0,0,0,0,NA,NA,NA,1082.1765,0,0,0,NA,NA,NA,NA,NA,NA,0,NA,NA,NA,NA,NA,NA,NA,NA,NA,"LOW",76.6015996709112,177.711539507803
"421",NA,708,"20E TAYLOR CORRIDOR",2016,"6414-14245",NA,"LOW",1,"20E",5.8,64.25,-142.7917,0,0,0,0,0,0,0,0,0,0,0,0,0,0,0,NA,NA,NA,995.7857,0,0,0,NA,NA,NA,NA,NA,NA,0,NA,NA,NA,NA,NA,NA,NA,NA,NA,"LOW",76.6252068439389,181.422412503974
"422",NA,708,"20E TAYLOR CORRIDOR",2016,"6416-14245",NA,"LOW",0,"20E",5.791,64.2833,-142.7917,0,0,0,0,0,0,0,0,0,0,0,0,0,0,0,NA,NA,NA,914.0667,0,0,0,NA,NA,NA,NA,NA,NA,0,NA,NA,NA,NA,NA,NA,NA,NA,NA,"LOW",76.6488207449261,185.133302647521
"423",NA,708,"20E TAYLOR CORRIDOR",2016,"6344-14240",NA,"LOW",0,"20E",5.902,63.75,-142.7083,0,0,0,0,0,0,0,0,0,0,0,0,0,0,0,NA,NA,NA,773.1334,0.959313089,0,0,NA,NA,NA,NA,NA,NA,0,NA,NA,NA,NA,NA,NA,NA,NA,NA,"LOW",80.3872570250959,125.682022814645
"424",NA,708,"20E TAYLOR CORRIDOR",2016,"6348-14240",NA,"LOW",1,"20E",5.888,63.8167,-142.7083,0,0,0,0,0,0,0,0,0,0,0,0,0,0,0,NA,NA,NA,782.8666,1,0,0,NA,NA,NA,NA,NA,NA,0,NA,NA,NA,NA,NA,NA,NA,NA,NA,"LOW",80.4246526467157,133.114487137329
"425",NA,708,"20E TAYLOR CORRIDOR",2016,"6350-14240",NA,"LOW",0,"20E",5.882,63.85,-142.7083,0,0,0,0,0,0,0,0,0,0,0,0,0,0,0,NA,NA,NA,729.2,1,0,0,NA,NA,NA,NA,NA,NA,0,NA,NA,NA,NA,NA,NA,NA,NA,NA,"LOW",80.4433305726706,136.825173842432
"426",NA,708,"20E TAYLOR CORRIDOR",2016,"6354-14240",NA,"LOW",0,"20E",5.868,63.9167,-142.7083,0,0,0,0,0,0,0,0,0,0,0,0,0,0,0,NA,NA,NA,787.3333,1,0,0,NA,NA,NA,NA,NA,NA,0,NA,NA,NA,NA,NA,NA,NA,NA,NA,"LOW",80.4807588028035,144.257742669247
"427",NA,708,"20E TAYLOR CORRIDOR",2016,"6356-14240",NA,"LOW",0,"20E",5.861,63.95,-142.7083,0,0,0,0,0,0,0,0,0,0,0,0,0,0,0,NA,NA,NA,749.5333,0.912858849,0,0,NA,NA,NA,NA,NA,NA,0,NA,NA,NA,NA,NA,NA,NA,NA,NA,"LOW",80.4994529799909,147.968481478326
"428",NA,708,"20E TAYLOR CORRIDOR",2016,"6358-14240",NA,"LOW",0,"20E",5.854,63.9833,-142.7083,0,0,0,0,0,0,0,0,0,0,0,0,0,0,0,NA,NA,NA,716.6875,0.205978527,0,0,NA,NA,NA,NA,NA,NA,0,NA,NA,NA,NA,NA,NA,NA,NA,NA,"LOW",80.5181525561455,151.679237606985
"429",NA,708,"20E TAYLOR CORRIDOR",2016,"6400-14240",NA,"LOW",0,"20E",5.847,64.0167,-142.7083,0,0,0,0,0,0,0,0,0,0,0,0,0,0,0,NA,NA,NA,748.1429,0,0,0,NA,NA,NA,NA,NA,NA,0,NA,NA,NA,NA,NA,NA,NA,NA,NA,"LOW",80.5369137041144,155.401154529484
"430",NA,708,"20E TAYLOR CORRIDOR",2016,"6402-14240",NA,"LOW",0,"20E",5.84,64.05,-142.7083,0,0,0,0,0,0,0,0,0,0,0,0,0,0,0,NA,NA,NA,720.1334,0,0,0,NA,NA,NA,NA,NA,NA,0,NA,NA,NA,NA,NA,NA,NA,NA,NA,"LOW",80.5556240753308,159.111945302527
"431",NA,708,"20E TAYLOR CORRIDOR",2016,"6410-14240",NA,"LOW",0,"20E",5.812,64.1833,-142.7083,0,0,0,0,0,0,0,0,0,0,0,0,0,0,0,NA,NA,NA,1092.3125,0,0,0,NA,NA,NA,NA,NA,NA,0,NA,NA,NA,NA,NA,NA,NA,NA,NA,"LOW",80.6305755556088,173.966424715509
"432",NA,708,"20E TAYLOR CORRIDOR",2016,"6328-14235",NA,"LOW",0,"20E",5.958,63.4833,-142.625,0,0,0,0,0,0,0,0,0,0,0,0,0,0,0,NA,NA,NA,744.125,1,0,0,NA,NA,NA,NA,NA,NA,0,NA,NA,NA,NA,NA,NA,NA,NA,NA,"LOW",84.3875402947925,95.9458831318263
"433",NA,708,"20E TAYLOR CORRIDOR",2016,"6330-14235",NA,"LOW",0,"20E",5.951,63.5167,-142.625,0,0,0,0,0,0,0,0,0,0,0,0,0,0,0,NA,NA,NA,728.6,1,0,0,NA,NA,NA,NA,NA,NA,0,NA,NA,NA,NA,NA,NA,NA,NA,NA,"LOW",84.4013772265882,99.6675537122814
"434",NA,708,"20E TAYLOR CORRIDOR",2016,"6332-14235",NA,"LOW",0,"20E",5.944,63.55,-142.625,0,0,0,0,0,0,0,0,0,0,0,0,0,0,0,NA,NA,NA,719.875,0.97538534,0,0,NA,NA,NA,NA,NA,NA,0,NA,NA,NA,NA,NA,NA,NA,NA,NA,"LOW",84.4151767970199,103.378099137081
"435",NA,708,"20E TAYLOR CORRIDOR",2016,"6334-14235",NA,"LOW",0,"20E",5.937,63.5833,-142.625,0,0,0,0,0,0,0,0,0,0,0,0,0,0,0,NA,NA,NA,730.4667,0.711633874,0,0,NA,NA,NA,NA,NA,NA,0,NA,NA,NA,NA,NA,NA,NA,NA,NA,"LOW",84.4289804232451,107.088662090894
"436",NA,708,"20E TAYLOR CORRIDOR",2016,"6338-14235",NA,"LOW",0,"20E",5.924,63.65,-142.625,0,0,0,0,0,0,0,0,0,0,0,0,0,0,0,NA,NA,NA,712.647,0.38738147,0,0,NA,NA,NA,NA,NA,NA,0,NA,NA,NA,NA,NA,NA,NA,NA,NA,"LOW",84.4566413070843,114.520983487578
"437",NA,708,"20E TAYLOR CORRIDOR",2016,"6340-14235",NA,"LOW",0,"20E",5.916,63.6833,-142.625,0,0,0,0,0,0,0,0,0,0,0,0,0,0,0,NA,NA,NA,757.1334,0,0.031368143,0,NA,NA,NA,NA,NA,NA,0,NA,NA,NA,NA,NA,NA,NA,NA,NA,"LOW",84.4704570847231,118.231598989117
"438",NA,708,"20E TAYLOR CORRIDOR",2016,"6342-14235",NA,"LOW",0,"20E",5.909,63.7167,-142.625,0,0,0,0,0,0,0,0,0,0,0,0,0,0,0,NA,NA,NA,726.8571,0.092322122,0.627730162,0,NA,NA,NA,NA,NA,NA,0,NA,NA,NA,NA,NA,NA,NA,NA,NA,"LOW",84.4843184064246,121.953375026586
"439",NA,708,"20E TAYLOR CORRIDOR",2016,"6348-14235",NA,"LOW",0,"20E",5.888,63.8167,-142.625,0,0,0,0,0,0,0,0,0,0,0,0,0,0,0,NA,NA,NA,880.2143,1,0,0,NA,NA,NA,NA,NA,NA,0,NA,NA,NA,NA,NA,NA,NA,NA,NA,"LOW",84.525843605421,133.09652196893
"440",NA,708,"20E TAYLOR CORRIDOR",2016,"6354-14235",NA,"LOW",0,"20E",5.868,63.9167,-142.625,0,0,0,0,0,0,0,0,0,0,0,0,0,0,0,NA,NA,NA,716.0667,1,0,0,NA,NA,NA,NA,NA,NA,0,NA,NA,NA,NA,NA,NA,NA,NA,NA,"LOW",84.5674050411216,144.239825878318
"441",NA,708,"20E TAYLOR CORRIDOR",2016,"6356-14235",NA,"LOW",0,"20E",5.861,63.95,-142.625,0,0,0,0,0,0,0,0,0,0,0,0,0,0,0,NA,NA,NA,691.6875,1,0,0,NA,NA,NA,NA,NA,NA,0,NA,NA,NA,NA,NA,NA,NA,NA,NA,"LOW",84.5812530198017,147.950580845728
"442",NA,708,"20E TAYLOR CORRIDOR",2016,"6400-14235",NA,"LOW",0,"20E",5.847,64.0167,-142.625,0,0,0,0,0,0,0,0,0,0,0,0,0,0,0,NA,NA,NA,671.8666,0.035015276,0,0,NA,NA,NA,NA,NA,NA,0,NA,NA,NA,NA,NA,NA,NA,NA,NA,"LOW",84.6090025863589,155.383286335014
"443",NA,708,"20E TAYLOR CORRIDOR",2016,"6402-14235",NA,"LOW",1,"20E",5.84,64.05,-142.625,0,0,0,0,0,0,0,0,0,0,0,0,0,0,0,NA,NA,NA,735.7647,0.003833396,0,0,NA,NA,NA,NA,NA,NA,0,NA,NA,NA,NA,NA,NA,NA,NA,NA,"LOW",84.622862561269,159.094093339179
"444",NA,708,"20E TAYLOR CORRIDOR",2016,"6410-14235",NA,"LOW",0,"20E",5.812,64.1833,-142.625,0,0,0,0,0,0,0,0,0,0,0,0,0,0,0,NA,NA,NA,884.6667,0,0,0,NA,NA,NA,NA,NA,NA,0,NA,NA,NA,NA,NA,NA,NA,NA,NA,"LOW",84.6783839424877,173.948637967455
"445",NA,708,"20E TAYLOR CORRIDOR",2016,"6412-14235",NA,"LOW",0,"20E",5.805,64.2167,-142.625,0,0,0,0,0,0,0,0,0,0,0,0,0,0,0,NA,NA,NA,900.2857,0,0,0,NA,NA,NA,NA,NA,NA,0,NA,NA,NA,NA,NA,NA,NA,NA,NA,"LOW",84.6923054961495,177.670675201672
"446",NA,708,"20E TAYLOR CORRIDOR",2016,"6414-14235",NA,"LOW",0,"20E",5.8,64.25,-142.625,0,0,0,0,0,0,0,0,0,0,0,0,0,0,0,NA,NA,NA,1114.5,0,0,0,NA,NA,NA,NA,NA,NA,0,NA,NA,NA,NA,NA,NA,NA,NA,NA,"LOW",84.7061893362303,181.381585856171
"447",NA,708,"20E TAYLOR CORRIDOR",2016,"6328-14230",NA,"LOW",0,"20E",5.958,63.4833,-142.5417,0,0,0,0,0,0,0,0,0,0,0,0,0,0,0,NA,NA,NA,733.6,1,0,0,NA,NA,NA,NA,NA,NA,0,NA,NA,NA,NA,NA,NA,NA,NA,NA,"LOW",88.5371465551048,95.9331565950122
"448",NA,708,"20E TAYLOR CORRIDOR",2016,"6330-14230",NA,"LOW",0,"20E",5.951,63.5167,-142.5417,0,0,0,0,0,0,0,0,0,0,0,0,0,0,0,NA,NA,NA,715.0625,1,0,0,NA,NA,NA,NA,NA,NA,0,NA,NA,NA,NA,NA,NA,NA,NA,NA,"LOW",88.5461411584911,99.654838331433
"449",NA,708,"20E TAYLOR CORRIDOR",2016,"6332-14230",NA,"LOW",0,"20E",5.944,63.55,-142.5417,0,0,0,0,0,0,0,0,0,0,0,0,0,0,0,NA,NA,NA,739.5333,1,0,0,NA,NA,NA,NA,NA,NA,0,NA,NA,NA,NA,NA,NA,NA,NA,NA,"LOW",88.5551114754185,103.365394896056
"450",NA,708,"20E TAYLOR CORRIDOR",2016,"6334-14230",NA,"LOW",0,"20E",5.937,63.5833,-142.5417,0,0,0,0,0,0,0,0,0,0,0,0,0,0,0,NA,NA,NA,799.2,0.651118436,0,0,NA,NA,NA,NA,NA,NA,0,NA,NA,NA,NA,NA,NA,NA,NA,NA,"LOW",88.5640844288285,107.07596900691
"451",NA,708,"20E TAYLOR CORRIDOR",2016,"6336-14230",NA,"LOW",0,"20E",5.93,63.6167,-142.5417,0,0,0,0,0,0,0,0,0,0,0,0,0,0,0,NA,NA,NA,731.375,0.122979149,0,0,NA,NA,NA,NA,NA,NA,0,NA,NA,NA,NA,NA,NA,NA,NA,NA,"LOW",88.5730869733549,110.797703592928
"452",NA,708,"20E TAYLOR CORRIDOR",2016,"6338-14230",NA,"LOW",0,"20E",5.924,63.65,-142.5417,0,0,0,0,0,0,0,0,0,0,0,0,0,0,0,NA,NA,NA,751.6,0.207195094,0,0,NA,NA,NA,NA,NA,NA,0,NA,NA,NA,NA,NA,NA,NA,NA,NA,"LOW",88.5820651984935,114.508312802903
"453",NA,708,"20E TAYLOR CORRIDOR",2016,"6340-14230",NA,"LOW",1,"20E",5.916,63.6833,-142.5417,0,0,0,0,0,0,0,0,0,0,0,0,0,0,0,NA,NA,NA,818.8666,0,0,0,NA,NA,NA,NA,NA,NA,0,NA,NA,NA,NA,NA,NA,NA,NA,NA,"LOW",88.5910460509722,118.218939513099
"454",NA,708,"20E TAYLOR CORRIDOR",2016,"6400-14230",NA,"LOW",0,"20E",5.847,64.0167,-142.5417,0,0,0,0,0,0,0,0,0,0,0,0,0,0,0,NA,NA,NA,689,0.223271723,0,0,NA,NA,NA,NA,NA,NA,0,NA,NA,NA,NA,NA,NA,NA,NA,NA,"LOW",88.6811066162118,155.370740023508
"455",NA,708,"20E TAYLOR CORRIDOR",2016,"6402-14230",NA,"LOW",0,"20E",5.84,64.05,-142.5417,0,0,0,0,0,0,0,0,0,0,0,0,0,0,0,NA,NA,NA,838.3333,0,0,0,NA,NA,NA,NA,NA,NA,0,NA,NA,NA,NA,NA,NA,NA,NA,NA,"LOW",88.6901161992833,159.081558424431
"456",NA,708,"20E TAYLOR CORRIDOR",2016,"6410-14230",NA,"LOW",0,"20E",5.812,64.1833,-142.5417,0,0,0,0,0,0,0,0,0,0,0,0,0,0,0,NA,NA,NA,794.8571,0,0,0,NA,NA,NA,NA,NA,NA,0,NA,NA,NA,NA,NA,NA,NA,NA,NA,"LOW",88.7262074985314,173.93614884393
"457",NA,708,"20E TAYLOR CORRIDOR",2016,"6412-14230",NA,"LOW",1,"20E",5.805,64.2167,-142.5417,0,0,0,0,0,0,0,0,0,0,0,0,0,0,0,NA,NA,NA,945.2353,0,0,0,NA,NA,NA,NA,NA,NA,0,NA,NA,NA,NA,NA,NA,NA,NA,NA,"LOW",88.7352571106614,177.658197594252
"458",NA,708,"20E TAYLOR CORRIDOR",2016,"6414-14230",NA,"HIGH",1,"20E",5.8,64.25,-142.5417,0,0,0,0,0,0,0,0,0,0,0,0,0,0,0,NA,NA,NA,1142.1428,0,0,0,NA,NA,NA,NA,NA,NA,0,NA,NA,NA,NA,NA,NA,NA,NA,NA,"HIGH",88.7442822073733,181.369119747316
"459",NA,708,"20E TAYLOR CORRIDOR",2016,"6416-14230",NA,"LOW",0,"20E",5.791,64.2833,-142.5417,0,0,0,0,0,0,0,0,0,0,0,0,0,0,0,NA,NA,NA,996.3571,0,0,0,NA,NA,NA,NA,NA,NA,0,NA,NA,NA,NA,NA,NA,NA,NA,NA,"LOW",88.753309876381,185.080059119985
"460",NA,708,"20E TAYLOR CORRIDOR",2016,"6318-14225",NA,"LOW",0,"20E",5.992,63.3167,-142.4583,0,0,0,0,0,0,0,0,0,0,0,0,0,0,0,NA,NA,NA,909.4667,0.445742117,0,0,NA,NA,NA,NA,NA,NA,0,NA,NA,NA,NA,NA,NA,NA,NA,NA,"LOW",92.6710798049887,77.3622176509276
"461",NA,708,"20E TAYLOR CORRIDOR",2016,"6320-14225",NA,"LOW",1,"20E",5.986,63.35,-142.4583,0,0,0,0,0,1,1,0,0,0,3,2,2,0,1,NA,NA,NA,808.8666,0.797150087,0,0,NA,NA,NA,NA,NA,NA,0,NA,NA,NA,NA,NA,NA,NA,NA,NA,"LOW",92.6752077453891,81.0726748718629
"462",NA,708,"20E TAYLOR CORRIDOR",2016,"6328-14225",NA,"LOW",0,"20E",5.958,63.4833,-142.4583,0,0,0,0,0,0,0,0,0,0,0,0,0,0,0,NA,NA,NA,767.8823,1,0,0,NA,NA,NA,NA,NA,NA,0,NA,NA,NA,NA,NA,NA,NA,NA,NA,"LOW",92.6917441440405,95.9258228320675
"463",NA,708,"20E TAYLOR CORRIDOR",2016,"6330-14225",NA,"LOW",0,"20E",5.951,63.5167,-142.4583,0,0,0,0,0,0,0,0,0,0,0,0,0,0,0,NA,NA,NA,737.9333,1,0,0,NA,NA,NA,NA,NA,NA,0,NA,NA,NA,NA,NA,NA,NA,NA,NA,"LOW",92.6958906096488,99.6475109971715
"464",NA,708,"20E TAYLOR CORRIDOR",2016,"6332-14225",NA,"LOW",1,"20E",5.944,63.55,-142.4583,0,0,0,0,0,3,0,0,0,0,3,3,3,0,0,NA,NA,NA,759.0667,0.99024375,0,0,NA,NA,NA,NA,NA,NA,0,NA,NA,NA,NA,NA,NA,NA,NA,NA,"LOW",92.7000258793363,103.358073981175
"465",NA,708,"20E TAYLOR CORRIDOR",2016,"6348-14225",NA,"LOW",0,"20E",5.888,63.8167,-142.4583,0,0,0,0,0,0,0,0,0,0,0,0,0,0,0,NA,NA,NA,683.7143,0.999998502,0,0,NA,NA,NA,NA,NA,NA,0,NA,NA,NA,NA,NA,NA,NA,NA,NA,"LOW",92.7331890212988,133.076638421956
"466",NA,708,"20E TAYLOR CORRIDOR",2016,"6350-14225",NA,"LOW",0,"20E",5.882,63.85,-142.4583,0,0,0,0,0,0,0,0,0,0,0,0,0,0,0,NA,NA,NA,720.7333,1,0,0,NA,NA,NA,NA,NA,NA,0,NA,NA,NA,NA,NA,NA,NA,NA,NA,"LOW",92.7373351900243,136.787359015251
"467",NA,708,"20E TAYLOR CORRIDOR",2016,"6354-14225",NA,"LOW",0,"20E",5.868,63.9167,-142.4583,0,0,0,0,0,0,0,0,0,0,0,0,0,0,0,NA,NA,NA,803.4286,1,0,0,NA,NA,NA,NA,NA,NA,0,NA,NA,NA,NA,NA,NA,NA,NA,NA,"LOW",92.745643594331,144.219995874307
"468",NA,708,"20E TAYLOR CORRIDOR",2016,"6356-14225",NA,"LOW",0,"20E",5.861,63.95,-142.4583,0,0,0,0,0,0,0,0,0,0,0,0,0,0,0,NA,NA,NA,810.5333,1,0,0,NA,NA,NA,NA,NA,NA,0,NA,NA,NA,NA,NA,NA,NA,NA,NA,"LOW",92.7497933707141,147.930768725348
"469",NA,708,"20E TAYLOR CORRIDOR",2016,"6358-14225",NA,"LOW",0,"20E",5.854,63.9833,-142.4583,0,0,0,0,0,0,0,0,0,0,0,0,0,0,0,NA,NA,NA,917.0625,1,0,0,NA,NA,NA,NA,NA,NA,0,NA,NA,NA,NA,NA,NA,NA,NA,NA,"LOW",92.7539443456295,151.641558947083
"470",NA,708,"20E TAYLOR CORRIDOR",2016,"6400-14225",NA,"LOW",0,"20E",5.847,64.0167,-142.4583,0,0,0,0,0,0,0,0,0,0,0,0,0,0,0,NA,NA,NA,831.2,0.850757422,0,0,NA,NA,NA,NA,NA,NA,0,NA,NA,NA,NA,NA,NA,NA,NA,NA,"LOW",92.7581089884552,155.363510116339
"471",NA,708,"20E TAYLOR CORRIDOR",2016,"6402-14225",NA,"LOW",0,"20E",5.84,64.05,-142.4583,0,0,0,0,0,0,0,0,0,0,0,0,0,0,0,NA,NA,NA,745.5,0.684140252,0,0,NA,NA,NA,NA,NA,NA,0,NA,NA,NA,NA,NA,NA,NA,NA,NA,"LOW",92.7622623597977,159.074335084703
"472",NA,708,"20E TAYLOR CORRIDOR",2016,"6408-14225",NA,"LOW",0,"20E",5.819,64.15,-142.4583,0,0,0,0,0,0,0,0,0,0,0,0,0,0,0,NA,NA,NA,917.9333,0.179551769,0,0,NA,NA,NA,NA,NA,NA,0,NA,NA,NA,NA,NA,NA,NA,NA,NA,"LOW",92.7747421191171,170.218057670341
"473",NA,708,"20E TAYLOR CORRIDOR",2016,"6410-14225",NA,"LOW",0,"20E",5.812,64.1833,-142.4583,0,0,0,0,0,0,0,0,0,0,0,0,0,0,0,NA,NA,NA,779.25,0.111896861,0,0,NA,NA,NA,NA,NA,NA,0,NA,NA,NA,NA,NA,NA,NA,NA,NA,"LOW",92.7789002627736,173.928951891638
"474",NA,708,"20E TAYLOR CORRIDOR",2016,"6412-14225",NA,"LOW",0,"20E",5.805,64.2167,-142.4583,0,0,0,0,0,0,0,0,0,0,0,0,0,0,0,NA,NA,NA,959.2857,0.011290703,0,0,NA,NA,NA,NA,NA,NA,0,NA,NA,NA,NA,NA,NA,NA,NA,NA,"LOW",92.7830720873606,177.651007278178
"475",NA,708,"20E TAYLOR CORRIDOR",2016,"6416-14225",NA,"LOW",0,"20E",5.791,64.2833,-142.4583,0,0,0,0,0,0,0,0,0,0,0,0,0,0,0,NA,NA,NA,1148.125,0,0,0,NA,NA,NA,NA,NA,NA,0,NA,NA,NA,NA,NA,NA,NA,NA,NA,"LOW",92.7913943194196,185.072882065865
"476",NA,708,"20E TAYLOR CORRIDOR",2016,"6406-14220",NA,"HIGH",1,"20E",5.826,64.1167,-142.375,0,0,0,0,0,0,0,0,0,0,0,0,0,0,0,NA,NA,NA,762.2,0.466602264,0,0,NA,NA,NA,NA,NA,NA,0,NA,NA,NA,NA,NA,NA,NA,NA,NA,"HIGH",96.8281336682472,166.505289738593
"477",NA,708,"20E TAYLOR CORRIDOR",2016,"6404-14220",NA,"LOW",0,"20E",5.833,64.0833,-142.375,0,0,0,0,0,0,0,0,0,0,0,0,0,0,0,NA,NA,NA,688.1334,0.813915458,0,0,NA,NA,NA,NA,NA,NA,0,NA,NA,NA,NA,NA,NA,NA,NA,NA,"LOW",96.8288331797618,162.783284656989
"478",NA,708,"20E TAYLOR CORRIDOR",2016,"6402-14220",NA,"LOW",0,"20E",5.84,64.05,-142.375,0,0,0,0,0,0,0,0,0,0,0,0,0,0,0,NA,NA,NA,891.375,0.868290888,0,0,NA,NA,NA,NA,NA,NA,0,NA,NA,NA,NA,NA,NA,NA,NA,NA,"LOW",96.8295303964395,159.072440639843
"479",NA,708,"20E TAYLOR CORRIDOR",2016,"6348-14220",NA,"HIGH",1,"20E",5.888,63.8167,-142.375,0,0,1,0,0,1,0,0,0,0,2,2,1,1,0,NA,NA,NA,642.6667,0.195246227,0.441404172,0,NA,NA,NA,NA,NA,NA,0,NA,NA,NA,NA,NA,NA,NA,NA,NA,"HIGH",96.8344094663979,133.074731963959
"480",NA,708,"20E TAYLOR CORRIDOR",2016,"6340-14220",NA,"LOW",0,"20E",5.916,63.6833,-142.375,0,0,0,0,0,0,0,0,0,0,0,0,0,0,0,NA,NA,NA,816,0.154676908,0,0,NA,NA,NA,NA,NA,NA,0,NA,NA,NA,NA,NA,NA,NA,NA,NA,"LOW",96.8371948467914,118.209731124164
"481",NA,708,"20E TAYLOR CORRIDOR",2016,"6338-14220",NA,"LOW",0,"20E",5.924,63.65,-142.375,0,0,0,0,0,0,0,0,0,0,0,0,0,0,0,NA,NA,NA,788.1875,0.92358749,0,0,NA,NA,NA,NA,NA,NA,0,NA,NA,NA,NA,NA,NA,NA,NA,NA,"LOW",96.8378896403062,114.499096260929
"482",NA,708,"20E TAYLOR CORRIDOR",2016,"6334-14220",NA,"LOW",0,"20E",5.937,63.5833,-142.375,0,0,0,0,0,0,0,0,0,0,0,0,0,0,0,NA,NA,NA,881.8,1,0,0,NA,NA,NA,NA,NA,NA,0,NA,NA,NA,NA,NA,NA,NA,NA,NA,"LOW",96.8392807022483,107.066736171954
"483",NA,708,"20E TAYLOR CORRIDOR",2016,"6332-14220",NA,"LOW",0,"20E",5.944,63.55,-142.375,0,0,0,0,0,0,0,0,0,0,0,0,0,0,0,NA,NA,NA,863.375,1,0,0,NA,NA,NA,NA,NA,NA,0,NA,NA,NA,NA,NA,NA,NA,NA,NA,"LOW",96.8399748846535,103.356153945605
"484",NA,708,"20E TAYLOR CORRIDOR",2016,"6330-14220",NA,"LOW",0,"20E",5.951,63.5167,-142.375,0,0,0,0,0,0,0,0,0,0,0,0,0,0,0,NA,NA,NA,783.8666,1,0,0,NA,NA,NA,NA,NA,NA,0,NA,NA,NA,NA,NA,NA,NA,NA,NA,"LOW",96.8406688630879,99.6455892780125
"485",NA,708,"20E TAYLOR CORRIDOR",2016,"6328-14220",NA,"LOW",0,"20E",5.958,63.4833,-142.375,0,0,0,0,0,0,0,0,0,0,0,0,0,0,0,NA,NA,NA,727.5333,1,0,0,NA,NA,NA,NA,NA,NA,0,NA,NA,NA,NA,NA,NA,NA,NA,NA,"LOW",96.8413647204143,95.9238994268803
"486",NA,708,"20E TAYLOR CORRIDOR",2016,"6326-14220",NA,"LOW",0,"20E",5.965,63.45,-142.375,0,0,0,0,0,0,0,0,0,0,0,0,0,0,0,NA,NA,NA,746.4375,1,0,0,NA,NA,NA,NA,NA,NA,0,NA,NA,NA,NA,NA,NA,NA,NA,NA,"LOW",96.8420582895867,92.2133699754793
"487",NA,708,"20E TAYLOR CORRIDOR",2016,"6318-14220",NA,"LOW",0,"20E",5.992,63.3167,-142.375,0,0,0,0,0,0,0,0,0,0,0,0,0,0,0,NA,NA,NA,751.0667,0.944678734,0,0,NA,NA,NA,NA,NA,NA,0,NA,NA,NA,NA,NA,NA,NA,NA,NA,"LOW",96.8448325971686,77.3602858749945
"488",NA,708,"20E TAYLOR CORRIDOR",2016,"6316-14220",NA,"LOW",0,"20E",5.999,63.2833,-142.375,0,0,0,0,0,0,0,0,0,0,0,0,0,0,0,NA,NA,NA,752.0625,0.962923418,0,0,NA,NA,NA,NA,NA,NA,0,NA,NA,NA,NA,NA,NA,NA,NA,NA,"LOW",96.8455272193836,73.6387022119695
"489",NA,708,"20E TAYLOR CORRIDOR",2016,"6412-14215",NA,"LOW",0,"20E",5.805,64.2167,-142.2917,0,0,0,0,0,0,0,0,0,0,0,0,0,0,0,NA,NA,NA,1128.4375,0,0,0,NA,NA,NA,NA,NA,NA,0,NA,NA,NA,NA,NA,NA,NA,NA,NA,"LOW",100.869003390826,177.652528443749
"490",NA,708,"20E TAYLOR CORRIDOR",2016,"6408-14215",NA,"LOW",1,"20E",5.819,64.15,-142.2917,0,1,0,1,0,0,0,0,0,0,2,2,0,2,0,NA,NA,NA,784.8,0.179904033,0,0,NA,NA,NA,NA,NA,NA,0,NA,NA,NA,NA,NA,NA,NA,NA,NA,"LOW",100.880129219892,170.219581637523
"491",NA,708,"20E TAYLOR CORRIDOR",2016,"6404-14215",NA,"LOW",0,"20E",5.833,64.0833,-142.2917,0,0,0,0,0,0,0,0,0,0,0,0,0,0,0,NA,NA,NA,843.9333,0.911746918,0,0,NA,NA,NA,NA,NA,NA,0,NA,NA,NA,NA,NA,NA,NA,NA,NA,"LOW",100.891248671873,162.786704137364
"492",NA,708,"20E TAYLOR CORRIDOR",2016,"6356-14215",NA,"LOW",0,"20E",5.861,63.95,-142.2917,0,0,0,0,0,0,0,0,0,0,0,0,0,0,0,NA,NA,NA,722,0.991173884,0,0,NA,NA,NA,NA,NA,NA,0,NA,NA,NA,NA,NA,NA,NA,NA,NA,"LOW",100.913451737175,147.932301043421
"493",NA,708,"20E TAYLOR CORRIDOR",2016,"6354-14215",NA,"LOW",0,"20E",5.868,63.9167,-142.2917,0,0,0,0,0,0,0,0,0,0,0,0,0,0,0,NA,NA,NA,633.5625,1,0,0,NA,NA,NA,NA,NA,NA,0,NA,NA,NA,NA,NA,NA,NA,NA,NA,"LOW",100.918994339685,144.221529575539
"494",NA,708,"20E TAYLOR CORRIDOR",2016,"6352-14215",NA,"LOW",0,"20E",5.875,63.8833,-142.2917,0,0,0,0,0,0,0,0,0,0,0,0,0,0,0,NA,NA,NA,647.6429,0.992357317,0,0,NA,NA,NA,NA,NA,NA,0,NA,NA,NA,NA,NA,NA,NA,NA,NA,"LOW",100.924551976734,140.499632112386
"495",NA,708,"20E TAYLOR CORRIDOR",2016,"6348-14215",NA,"HIGH",1,"20E",5.888,63.8167,-142.2917,0,0,0,0,0,3,0,0,0,0,3,3,3,0,0,NA,NA,NA,755.4375,0.66644953,0.05503574,0,NA,NA,NA,NA,NA,NA,0,NA,NA,NA,NA,NA,NA,NA,NA,NA,"HIGH",100.935629151166,133.078176264318
"496",NA,708,"20E TAYLOR CORRIDOR",2016,"6346-14215",NA,"HIGH",0,"20E",5.895,63.7833,-142.2917,0,0,0,0,0,0,0,0,0,0,0,0,0,0,0,NA,NA,NA,859.3571,0.504751295,0.017282861,0,NA,NA,NA,NA,NA,NA,0,NA,NA,NA,NA,NA,NA,NA,NA,NA,"HIGH",100.941181949558,129.356331256393
"497",NA,708,"20E TAYLOR CORRIDOR",2016,"6344-14215",NA,"HIGH",0,"20E",5.902,63.75,-142.2917,0,0,0,0,0,0,0,0,0,0,0,0,0,0,0,NA,NA,NA,926.75,0.008926265,0,0,NA,NA,NA,NA,NA,NA,0,NA,NA,NA,NA,NA,NA,NA,NA,NA,"HIGH",100.946716510177,125.645646969498
"498",NA,708,"20E TAYLOR CORRIDOR",2016,"6342-14215",NA,"LOW",0,"20E",5.909,63.7167,-142.2917,0,0,0,0,0,0,0,0,0,0,0,0,0,0,0,NA,NA,NA,936.5333,0.322455734,0,0,NA,NA,NA,NA,NA,NA,0,NA,NA,NA,NA,NA,NA,NA,NA,NA,"LOW",100.952249458706,121.93498014437
"499",NA,708,"20E TAYLOR CORRIDOR",2016,"6340-14215",NA,"LOW",0,"20E",5.916,63.6833,-142.2917,0,0,0,0,0,0,0,0,0,0,0,0,0,0,0,NA,NA,NA,950.8,0,0,0,NA,NA,NA,NA,NA,NA,0,NA,NA,NA,NA,NA,NA,NA,NA,NA,"LOW",100.957797401451,118.213187731639
"500",NA,708,"20E TAYLOR CORRIDOR",2016,"6334-14215",NA,"LOW",0,"20E",5.937,63.5833,-142.2917,0,0,0,0,0,0,0,0,0,0,0,0,0,0,0,NA,NA,NA,860,0.999744856,0,0,NA,NA,NA,NA,NA,NA,0,NA,NA,NA,NA,NA,NA,NA,NA,NA,"LOW",100.974398281582,107.070201955868
"501",NA,708,"20E TAYLOR CORRIDOR",2016,"6332-14215",NA,"LOW",0,"20E",5.944,63.55,-142.2917,0,0,0,0,0,0,0,0,0,0,0,0,0,0,0,NA,NA,NA,822.5,1,0,0,NA,NA,NA,NA,NA,NA,0,NA,NA,NA,NA,NA,NA,NA,NA,NA,"LOW",100.979923131776,103.359622775876
"502",NA,708,"20E TAYLOR CORRIDOR",2016,"6330-14215",NA,"HIGH",1,"20E",5.951,63.5167,-142.2917,0,0,0,0,0,0,0,0,0,0,0,0,0,0,0,NA,NA,NA,767.0667,1,0,0,NA,NA,NA,NA,NA,NA,0,NA,NA,NA,NA,NA,NA,NA,NA,NA,"HIGH",100.985446358618,99.649061149939
"503",NA,708,"20E TAYLOR CORRIDOR",2016,"6328-14215",NA,"LOW",0,"20E",5.958,63.4833,-142.2917,0,0,0,0,0,0,0,0,0,0,0,0,0,0,0,NA,NA,NA,723.6,0.996723641,0,0,NA,NA,NA,NA,NA,NA,0,NA,NA,NA,NA,NA,NA,NA,NA,NA,"LOW",100.990984539169,95.9273743448704
"504",NA,708,"20E TAYLOR CORRIDOR",2016,"6326-14215",NA,"LOW",0,"20E",5.965,63.45,-142.2917,0,0,0,0,0,0,0,0,0,0,0,0,0,0,0,NA,NA,NA,822.647,0.594710225,0,0,NA,NA,NA,NA,NA,NA,0,NA,NA,NA,NA,NA,NA,NA,NA,NA,"LOW",100.996504508794,92.2168479256965
"505",NA,708,"20E TAYLOR CORRIDOR",2016,"6320-14215",NA,"LOW",1,"20E",5.986,63.35,-142.2917,0,0,0,0,3,0,0,0,0,0,3,3,0,3,0,NA,NA,NA,888.9375,0.998509941,0,0,NA,NA,NA,NA,NA,NA,0,NA,NA,NA,NA,NA,NA,NA,NA,NA,"LOW",101.013071195655,81.0742317915009
"506",NA,708,"20E TAYLOR CORRIDOR",2016,"6318-14215",NA,"LOW",1,"20E",5.992,63.3167,-142.2917,0,0,0,0,0,0,0,0,0,0,0,0,0,0,0,NA,NA,NA,747.9333,0.93795254,0,0,NA,NA,NA,NA,NA,NA,0,NA,NA,NA,NA,NA,NA,NA,NA,NA,"LOW",101.018584633234,77.363775915985
"507",NA,708,"20E TAYLOR CORRIDOR",2016,"6316-14215",NA,"LOW",0,"20E",5.999,63.2833,-142.2917,0,0,0,0,0,0,0,0,0,0,0,0,0,0,0,NA,NA,NA,721.1334,0.46495902,0,0,NA,NA,NA,NA,NA,NA,0,NA,NA,NA,NA,NA,NA,NA,NA,NA,"LOW",101.024112983838,73.6421952705924
"508",NA,708,"20E TAYLOR CORRIDOR",2016,"6414-14210",NA,"LOW",0,"20E",5.8,64.25,-142.2083,0,0,0,0,0,0,0,0,0,0,0,0,0,0,0,NA,NA,NA,1287.6,0,0,0,NA,NA,NA,NA,NA,NA,0,NA,NA,NA,NA,NA,NA,NA,NA,NA,"LOW",104.906394544258,181.372161099736
"509",NA,708,"20E TAYLOR CORRIDOR",2016,"6412-14210",NA,"LOW",0,"20E",5.805,64.2167,-142.2083,0,0,0,0,0,0,0,0,0,0,0,0,0,0,0,NA,NA,NA,1155.5333,0,0,0,NA,NA,NA,NA,NA,NA,0,NA,NA,NA,NA,NA,NA,NA,NA,NA,"LOW",104.916816074693,177.661241751968
"510",NA,708,"20E TAYLOR CORRIDOR",2016,"6410-14210",NA,"LOW",0,"20E",5.812,64.1833,-142.2083,0,0,0,0,0,0,0,0,0,0,0,0,0,0,0,NA,NA,NA,959.9333,0,0,0,NA,NA,NA,NA,NA,NA,0,NA,NA,NA,NA,NA,NA,NA,NA,NA,"LOW",104.927265913775,173.939195811221
"511",NA,708,"20E TAYLOR CORRIDOR",2016,"6408-14210",NA,"LOW",0,"20E",5.819,64.15,-142.2083,0,0,0,0,0,0,0,0,0,0,0,0,0,0,0,NA,NA,NA,853.7333,0,0,0,NA,NA,NA,NA,NA,NA,0,NA,NA,NA,NA,NA,NA,NA,NA,NA,"LOW",104.937681484073,170.228310993531
"512",NA,708,"20E TAYLOR CORRIDOR",2016,"6404-14210",NA,"LOW",0,"20E",5.833,64.0833,-142.2083,0,0,0,0,0,0,0,0,0,0,0,0,0,0,0,NA,NA,NA,857.3333,1,0,0,NA,NA,NA,NA,NA,NA,0,NA,NA,NA,NA,NA,NA,NA,NA,NA,"LOW",104.958534933983,162.79544949369
"513",NA,708,"20E TAYLOR CORRIDOR",2016,"6356-14210",NA,"LOW",0,"20E",5.861,63.95,-142.2083,0,0,0,0,0,0,0,0,0,0,0,0,0,0,0,NA,NA,NA,645.9286,1,0,0,NA,NA,NA,NA,NA,NA,0,NA,NA,NA,NA,NA,NA,NA,NA,NA,"LOW",105.000174622286,147.941078233822
"514",NA,708,"20E TAYLOR CORRIDOR",2016,"6354-14210",NA,"LOW",0,"20E",5.868,63.9167,-142.2083,0,0,0,0,0,0,0,0,0,0,0,0,0,0,0,NA,NA,NA,606.25,1,0,0,NA,NA,NA,NA,NA,NA,0,NA,NA,NA,NA,NA,NA,NA,NA,NA,"LOW",105.010569234004,144.230314688757
"515",NA,708,"20E TAYLOR CORRIDOR",2016,"6352-14210",NA,"LOW",0,"20E",5.875,63.8833,-142.2083,0,0,0,0,0,0,0,0,0,0,0,0,0,0,0,NA,NA,NA,614.3333,1,0,0,NA,NA,NA,NA,NA,NA,0,NA,NA,NA,NA,NA,NA,NA,NA,NA,"LOW",105.020992041571,140.508425160252
"516",NA,708,"20E TAYLOR CORRIDOR",2016,"6348-14210",NA,"LOW",0,"20E",5.888,63.8167,-142.2083,0,0,0,0,0,0,0,0,0,0,0,0,0,0,0,NA,NA,NA,800.875,0.883100136,0.101925301,0,NA,NA,NA,NA,NA,NA,0,NA,NA,NA,NA,NA,NA,NA,NA,NA,"LOW",105.041766204586,133.086985098167
"517",NA,708,"20E TAYLOR CORRIDOR",2016,"6346-14210",NA,"LOW",0,"20E",5.895,63.7833,-142.2083,0,0,0,0,0,0,0,0,0,0,0,0,0,0,0,NA,NA,NA,809,0.050632749,0.446057979,0,NA,NA,NA,NA,NA,NA,0,NA,NA,NA,NA,NA,NA,NA,NA,NA,"LOW",105.052179937822,129.365147988962
"518",NA,708,"20E TAYLOR CORRIDOR",2016,"6344-14210",NA,"LOW",0,"20E",5.902,63.75,-142.2083,0,0,0,0,0,0,0,0,0,0,0,0,0,0,0,NA,NA,NA,960.5333,0,0,0,NA,NA,NA,NA,NA,NA,0,NA,NA,NA,NA,NA,NA,NA,NA,NA,"LOW",105.062559467922,125.65447156517
"519",NA,708,"20E TAYLOR CORRIDOR",2016,"6332-14210",NA,"LOW",0,"20E",5.944,63.55,-142.2083,0,0,0,0,0,0,0,0,0,0,0,0,0,0,0,NA,NA,NA,891.2,0.593138427,0,0,NA,NA,NA,NA,NA,NA,0,NA,NA,NA,NA,NA,NA,NA,NA,NA,"LOW",105.124835257464,103.368494345387
"520",NA,708,"20E TAYLOR CORRIDOR",2016,"6330-14210",NA,"LOW",0,"20E",5.951,63.5167,-142.2083,0,0,0,0,0,0,0,0,0,0,0,0,0,0,0,NA,NA,NA,732.2,0.550138229,0,0,NA,NA,NA,NA,NA,NA,0,NA,NA,NA,NA,NA,NA,NA,NA,NA,"LOW",105.135193532401,99.6579404985383
"521",NA,708,"20E TAYLOR CORRIDOR",2016,"6328-14210",NA,"LOW",0,"20E",5.958,63.4833,-142.2083,0,0,0,0,0,0,0,0,0,0,0,0,0,0,0,NA,NA,NA,749.6875,0.125272139,0,0,NA,NA,NA,NA,NA,NA,0,NA,NA,NA,NA,NA,NA,NA,NA,NA,"LOW",105.145579851601,95.9362614838295
"522",NA,708,"20E TAYLOR CORRIDOR",2016,"6326-14210",NA,"LOW",0,"20E",5.965,63.45,-142.2083,0,0,0,0,0,0,0,0,0,0,0,0,0,0,0,NA,NA,NA,861,0,0,0,NA,NA,NA,NA,NA,NA,0,NA,NA,NA,NA,NA,NA,NA,NA,NA,"LOW",105.155932018014,92.2257428196277
"523",NA,708,"20E TAYLOR CORRIDOR",2016,"6320-14210",NA,"LOW",0,"20E",5.986,63.35,-142.2083,0,0,0,0,0,0,0,0,0,0,0,0,0,0,0,NA,NA,NA,820.5625,0.791868335,0.081980361,0,NA,NA,NA,NA,NA,NA,0,NA,NA,NA,NA,NA,NA,NA,NA,NA,"LOW",105.187001228906,81.0831499011386
"524",NA,708,"20E TAYLOR CORRIDOR",2016,"6318-14210",NA,"LOW",0,"20E",5.992,63.3167,-142.2083,0,0,0,0,0,0,0,0,0,0,0,0,0,0,0,NA,NA,NA,784.8,0.896527069,0,0,NA,NA,NA,NA,NA,NA,0,NA,NA,NA,NA,NA,NA,NA,NA,NA,"LOW",105.197341145235,77.3727017322769
"525",NA,708,"20E TAYLOR CORRIDOR",2016,"6316-14210",NA,"LOW",0,"20E",5.999,63.2833,-142.2083,0,0,0,0,0,0,0,0,0,0,0,0,0,0,0,NA,NA,NA,700.3125,0.8642373,0,0,NA,NA,NA,NA,NA,NA,0,NA,NA,NA,NA,NA,NA,NA,NA,NA,"LOW",105.207709029526,73.6511288045291
"526",NA,708,"20E TAYLOR CORRIDOR",2016,"6410-14205",NA,"LOW",0,"20E",5.812,64.1833,-142.125,0,0,0,0,0,0,0,0,0,0,0,0,0,0,0,NA,NA,NA,925.1875,0,0,0,NA,NA,NA,NA,NA,NA,0,NA,NA,NA,NA,NA,NA,NA,NA,NA,"LOW",108.975085653719,173.953207505613
"527",NA,708,"20E TAYLOR CORRIDOR",2016,"6408-14205",NA,"LOW",0,"20E",5.819,64.15,-142.125,0,0,0,0,0,0,0,0,0,0,0,0,0,0,0,NA,NA,NA,841.3333,0,0,0,NA,NA,NA,NA,NA,NA,0,NA,NA,NA,NA,NA,NA,NA,NA,NA,"LOW",108.9903571898,170.242335550293
"528",NA,708,"20E TAYLOR CORRIDOR",2016,"6406-14205",NA,"HIGH",0,"20E",5.826,64.1167,-142.125,0,0,0,0,0,0,0,0,0,0,0,0,0,0,0,NA,NA,NA,609.2143,0.325756157,0,0,NA,NA,NA,NA,NA,NA,0,NA,NA,NA,NA,NA,NA,NA,NA,NA,"HIGH",109.005624355285,166.531480838741
"529",NA,708,"20E TAYLOR CORRIDOR",2016,"6404-14205",NA,"LOW",0,"20E",5.833,64.0833,-142.125,0,0,0,0,0,0,0,0,0,0,0,0,0,0,0,NA,NA,NA,669,0.999256924,0,0,NA,NA,NA,NA,NA,NA,0,NA,NA,NA,NA,NA,NA,NA,NA,NA,"LOW",109.020932972601,162.809499756637
"530",NA,708,"20E TAYLOR CORRIDOR",2016,"6400-14205",NA,"LOW",0,"20E",5.847,64.0167,-142.125,0,0,0,0,0,0,0,0,0,0,0,0,0,0,0,NA,NA,NA,730.2857,1,0,0,NA,NA,NA,NA,NA,NA,0,NA,NA,NA,NA,NA,NA,NA,NA,NA,"LOW",109.051445377621,155.38787679726
"531",NA,708,"20E TAYLOR CORRIDOR",2016,"6358-14205",NA,"LOW",0,"20E",5.854,63.9833,-142.125,0,0,0,0,0,0,0,0,0,0,0,0,0,0,0,NA,NA,NA,696.8125,1,0,0,NA,NA,NA,NA,NA,NA,0,NA,NA,NA,NA,NA,NA,NA,NA,NA,"LOW",109.066740783758,151.665947795373
"532",NA,708,"20E TAYLOR CORRIDOR",2016,"6356-14205",NA,"LOW",0,"20E",5.861,63.95,-142.125,0,0,0,0,0,0,0,0,0,0,0,0,0,0,0,NA,NA,NA,617.5333,0.974162084,0.025837916,0,NA,NA,NA,NA,NA,NA,0,NA,NA,NA,NA,NA,NA,NA,NA,NA,"LOW",109.081985992152,147.955179641531
"533",NA,708,"20E TAYLOR CORRIDOR",2016,"6354-14205",NA,"LOW",1,"20E",5.868,63.9167,-142.125,0,0,0,0,0,2,0,0,0,0,2,2,2,0,0,NA,NA,NA,622.8,0.567435463,0.432564537,0,NA,NA,NA,NA,NA,NA,0,NA,NA,NA,NA,NA,NA,NA,NA,NA,"LOW",109.097226798854,144.244428825298
"534",NA,708,"20E TAYLOR CORRIDOR",2016,"6352-14205",NA,"LOW",0,"20E",5.875,63.8833,-142.125,0,0,0,0,0,0,0,0,0,0,0,0,0,0,0,NA,NA,NA,640.6875,1,0,0,NA,NA,NA,NA,NA,NA,0,NA,NA,NA,NA,NA,NA,NA,NA,NA,"LOW",109.112508947006,140.522552044633
"535",NA,708,"20E TAYLOR CORRIDOR",2016,"6346-14205",NA,"LOW",0,"20E",5.895,63.7833,-142.125,0,0,0,0,0,0,0,0,0,0,0,0,0,0,0,NA,NA,NA,857.5,0,0.931308216,0,NA,NA,NA,NA,NA,NA,0,NA,NA,NA,NA,NA,NA,NA,NA,NA,"LOW",109.158237322293,129.379312925293
"536",NA,708,"20E TAYLOR CORRIDOR",2016,"6344-14205",NA,"LOW",0,"20E",5.902,63.75,-142.125,0,0,0,0,0,0,0,0,0,0,0,0,0,0,0,NA,NA,NA,841.6667,0,0.009496429,0,NA,NA,NA,NA,NA,NA,0,NA,NA,NA,NA,NA,NA,NA,NA,NA,"LOW",109.173456016393,125.668649134399
"537",NA,708,"20E TAYLOR CORRIDOR",2016,"6342-14205",NA,"LOW",0,"20E",5.909,63.7167,-142.125,0,0,0,0,0,0,0,0,0,0,0,0,0,0,0,NA,NA,NA,833.8,0,0,0,NA,NA,NA,NA,NA,NA,0,NA,NA,NA,NA,NA,NA,NA,NA,NA,"LOW",109.188670277766,121.958002774096
"538",NA,708,"20E TAYLOR CORRIDOR",2016,"6336-14205",NA,"LOW",0,"20E",5.93,63.6167,-142.125,0,0,0,0,0,0,0,0,0,0,0,0,0,0,0,NA,NA,NA,776.1875,0,0,0,NA,NA,NA,NA,NA,NA,0,NA,NA,NA,NA,NA,NA,NA,NA,NA,"LOW",109.234332055668,110.815025532095
"539",NA,708,"20E TAYLOR CORRIDOR",2016,"6334-14205",NA,"LOW",0,"20E",5.937,63.5833,-142.125,0,0,0,0,0,0,0,0,0,0,0,0,0,0,0,NA,NA,NA,851.125,0,0,0,NA,NA,NA,NA,NA,NA,0,NA,NA,NA,NA,NA,NA,NA,NA,NA,"LOW",109.24957414948,107.093306254654
"540",NA,708,"20E TAYLOR CORRIDOR",2016,"6332-14205",NA,"LOW",0,"20E",5.944,63.55,-142.125,0,0,0,0,0,0,0,0,0,0,0,0,0,0,0,NA,NA,NA,846.2667,0,0,0,NA,NA,NA,NA,NA,NA,0,NA,NA,NA,NA,NA,NA,NA,NA,NA,"LOW",109.264766143045,103.382747383009
"541",NA,708,"20E TAYLOR CORRIDOR",2016,"6330-14205",NA,"LOW",0,"20E",5.951,63.5167,-142.125,0,0,0,0,0,0,0,0,0,0,0,0,0,0,0,NA,NA,NA,711.625,0,0,0,NA,NA,NA,NA,NA,NA,0,NA,NA,NA,NA,NA,NA,NA,NA,NA,"LOW",109.279953672911,99.6722060340783
"542",NA,708,"20E TAYLOR CORRIDOR",2016,"6328-14205",NA,"LOW",1,"20E",5.958,63.4833,-142.125,0,0,0,0,0,0,0,0,0,0,0,0,0,0,0,NA,NA,NA,745.3125,0,0,0,NA,NA,NA,NA,NA,NA,0,NA,NA,NA,NA,NA,NA,NA,NA,NA,"LOW",109.295182321969,95.9505395353986
"543",NA,708,"20E TAYLOR CORRIDOR",2016,"6326-14205",NA,"LOW",0,"20E",5.965,63.45,-142.125,0,0,0,0,0,0,0,0,0,0,0,0,0,0,0,NA,NA,NA,845.9333,0,0,0,NA,NA,NA,NA,NA,NA,0,NA,NA,NA,NA,NA,NA,NA,NA,NA,"LOW",109.310360895542,92.2400333303744
"544",NA,708,"20E TAYLOR CORRIDOR",2016,"6318-14205",NA,"LOW",0,"20E",5.992,63.3167,-142.125,0,0,0,0,0,0,0,0,0,0,0,0,0,0,0,NA,NA,NA,716.8,0.112369308,0.549005967,0,NA,NA,NA,NA,NA,NA,0,NA,NA,NA,NA,NA,NA,NA,NA,NA,"LOW",109.371075867389,77.3870419230405
"545",NA,708,"20E TAYLOR CORRIDOR",2016,"6316-14205",NA,"LOW",0,"20E",5.999,63.2833,-142.125,0,0,0,0,0,0,0,0,0,0,0,0,0,0,0,NA,NA,NA,776.5,0.390001129,0.456932684,0,NA,NA,NA,NA,NA,NA,0,NA,NA,NA,NA,NA,NA,NA,NA,NA,"LOW",109.386277487257,73.6654813945014
"546",NA,708,"20E TAYLOR CORRIDOR",2016,"6406-14200",NA,"LOW",0,"20E",5.826,64.1167,-142.0417,0,0,0,0,0,0,0,0,0,0,0,0,0,0,0,NA,NA,NA,757.7857,0.25068811,0,0,NA,NA,NA,NA,NA,NA,0,NA,NA,NA,NA,NA,NA,NA,NA,NA,"LOW",113.063137951422,166.550825583962
"547",NA,708,"20E TAYLOR CORRIDOR",2016,"6404-14200",NA,"HIGH",1,"20E",5.833,64.0833,-142.0417,0,0,0,0,0,0,1,0,0,0,2,1,1,0,1,NA,NA,NA,627.3333,0.711825475,0,0,NA,NA,NA,NA,NA,NA,0,NA,NA,NA,NA,NA,NA,NA,NA,NA,"HIGH",113.083314330288,162.828862228048
"548",NA,708,"20E TAYLOR CORRIDOR",2016,"6402-14200",NA,"HIGH",0,"20E",5.84,64.05,-142.0417,0,0,0,0,0,0,0,0,0,0,0,0,0,0,0,NA,NA,NA,626.75,0.976447347,0,0,NA,NA,NA,NA,NA,NA,0,NA,NA,NA,NA,NA,NA,NA,NA,NA,"HIGH",113.103424518299,159.118059749796
"549",NA,708,"20E TAYLOR CORRIDOR",2016,"6358-14200",NA,"LOW",0,"20E",5.854,63.9833,-142.0417,0,0,0,0,0,0,0,0,0,0,0,0,0,0,0,NA,NA,NA,594.1334,1,0,0,NA,NA,NA,NA,NA,NA,0,NA,NA,NA,NA,NA,NA,NA,NA,NA,"LOW",113.143687892901,151.68536318126
"550",NA,708,"20E TAYLOR CORRIDOR",2016,"6356-14200",NA,"LOW",0,"20E",5.861,63.95,-142.0417,0,0,0,0,0,0,0,0,0,0,0,0,0,0,0,NA,NA,NA,589.5625,0.521967955,0.478032045,0,NA,NA,NA,NA,NA,NA,0,NA,NA,NA,NA,NA,NA,NA,NA,NA,"LOW",113.163780700945,147.974612595301
"551",NA,708,"20E TAYLOR CORRIDOR",2016,"6354-14200",NA,"LOW",1,"20E",5.868,63.9167,-142.0417,0,0,0,0,0,0,0,0,0,0,0,0,0,0,0,NA,NA,NA,618.8571,0.022030026,0.977969974,0,NA,NA,NA,NA,NA,NA,0,NA,NA,NA,NA,NA,NA,NA,NA,NA,"LOW",113.183867707812,144.263879320613
"552",NA,708,"20E TAYLOR CORRIDOR",2016,"6352-14200",NA,"LOW",0,"20E",5.875,63.8833,-142.0417,0,0,0,0,0,0,0,0,0,0,0,0,0,0,0,NA,NA,NA,622.5333,0.559315392,0.440684608,0,NA,NA,NA,NA,NA,NA,0,NA,NA,NA,NA,NA,NA,NA,NA,NA,"LOW",113.204009201832,140.54202010769
"553",NA,708,"20E TAYLOR CORRIDOR",2016,"6346-14200",NA,"LOW",0,"20E",5.895,63.7833,-142.0417,0,0,0,0,0,0,0,0,0,0,0,0,0,0,0,NA,NA,NA,749.1429,0,1,0,NA,NA,NA,NA,NA,NA,0,NA,NA,NA,NA,NA,NA,NA,NA,NA,"LOW",113.264278072501,129.398833427575
"554",NA,708,"20E TAYLOR CORRIDOR",2016,"6344-14200",NA,"LOW",1,"20E",5.902,63.75,-142.0417,0,0,0,0,0,2,0,0,0,0,2,2,2,0,0,NA,NA,NA,726.2941,0.09576558,0.380175008,0,NA,NA,NA,NA,NA,NA,0,NA,NA,NA,NA,NA,NA,NA,NA,NA,"LOW",113.284335936217,125.688187046022
"555",NA,708,"20E TAYLOR CORRIDOR",2016,"6342-14200",NA,"LOW",0,"20E",5.909,63.7167,-142.0417,0,0,0,0,0,0,0,0,0,0,0,0,0,0,0,NA,NA,NA,706.9333,0.544001203,0,0,NA,NA,NA,NA,NA,NA,0,NA,NA,NA,NA,NA,NA,NA,NA,NA,"LOW",113.304387957853,121.977558068581
"556",NA,708,"20E TAYLOR CORRIDOR",2016,"6340-14200",NA,"LOW",0,"20E",5.916,63.6833,-142.0417,0,0,0,0,0,0,0,0,0,0,0,0,0,0,0,NA,NA,NA,677.3571,0.584169783,0,0,NA,NA,NA,NA,NA,NA,0,NA,NA,NA,NA,NA,NA,NA,NA,NA,"LOW",113.324494320508,118.255803559227
"557",NA,708,"20E TAYLOR CORRIDOR",2016,"6338-14200",NA,"LOW",0,"20E",5.924,63.65,-142.0417,0,0,0,0,0,0,0,0,0,0,0,0,0,0,0,NA,NA,NA,684.1765,0.114450075,0,0,NA,NA,NA,NA,NA,NA,0,NA,NA,NA,NA,NA,NA,NA,NA,NA,"LOW",113.344534619983,114.545209488492
"558",NA,708,"20E TAYLOR CORRIDOR",2016,"6336-14200",NA,"LOW",0,"20E",5.93,63.6167,-142.0417,0,0,0,0,0,0,0,0,0,0,0,0,0,0,0,NA,NA,NA,696.4667,0,0,0,NA,NA,NA,NA,NA,NA,0,NA,NA,NA,NA,NA,NA,NA,NA,NA,"LOW",113.364569056957,110.834632867971
"559",NA,708,"20E TAYLOR CORRIDOR",2016,"6334-14200",NA,"LOW",0,"20E",5.937,63.5833,-142.0417,0,0,0,0,0,0,0,0,0,0,0,0,0,0,0,NA,NA,NA,703.9286,0,0,0,NA,NA,NA,NA,NA,NA,0,NA,NA,NA,NA,NA,NA,NA,NA,NA,"LOW",113.384657761637,107.112930918999
"560",NA,708,"20E TAYLOR CORRIDOR",2016,"6332-14200",NA,"LOW",0,"20E",5.944,63.55,-142.0417,0,0,0,0,0,0,0,0,0,0,0,0,0,0,0,NA,NA,NA,722.8235,0,0,0,NA,NA,NA,NA,NA,NA,0,NA,NA,NA,NA,NA,NA,NA,NA,NA,"LOW",113.404680435567,103.402389297307
"561",NA,708,"20E TAYLOR CORRIDOR",2016,"6330-14200",NA,"LOW",0,"20E",5.951,63.5167,-142.0417,0,0,0,0,0,0,0,0,0,0,0,0,0,0,0,NA,NA,NA,702.1429,0,0,0,NA,NA,NA,NA,NA,NA,0,NA,NA,NA,NA,NA,NA,NA,NA,NA,"LOW",113.424697226595,99.6918651717063
"562",NA,708,"20E TAYLOR CORRIDOR",2016,"6328-14200",NA,"LOW",0,"20E",5.958,63.4833,-142.0417,0,0,0,0,0,0,0,0,0,0,0,0,0,0,0,NA,NA,NA,828.2,0,0,0,NA,NA,NA,NA,NA,NA,0,NA,NA,NA,NA,NA,NA,NA,NA,NA,"LOW",113.444768211852,95.9702159213163
"563",NA,708,"20E TAYLOR CORRIDOR",2016,"6322-14200",NA,"LOW",0,"20E",5.978,63.3833,-142.0417,0,0,0,0,0,0,0,0,0,0,0,0,0,0,0,NA,NA,NA,744.2667,0,0.017692263,0,NA,NA,NA,NA,NA,NA,0,NA,NA,NA,NA,NA,NA,NA,NA,NA,"LOW",113.504825487302,84.8276589786448
"564",NA,708,"20E TAYLOR CORRIDOR",2016,"6320-14200",NA,"LOW",0,"20E",5.986,63.35,-142.0417,0,0,0,0,0,0,0,0,0,0,0,0,0,0,0,NA,NA,NA,679.4706,0,0.831243789,0,NA,NA,NA,NA,NA,NA,0,NA,NA,NA,NA,NA,NA,NA,NA,NA,"LOW",113.524812726474,81.1172226670869
"565",NA,708,"20E TAYLOR CORRIDOR",2016,"6318-14200",NA,"LOW",0,"20E",5.992,63.3167,-142.0417,0,0,0,0,0,0,0,0,0,0,0,0,0,0,0,NA,NA,NA,717.4667,0,0.853196021,0,NA,NA,NA,NA,NA,NA,0,NA,NA,NA,NA,NA,NA,NA,NA,NA,"LOW",113.544794042003,77.4068039427381
"566",NA,708,"20E TAYLOR CORRIDOR",2016,"6316-14200",TRUE,"LOW",0,"20E",5.999,63.2833,-142.0417,0,0,0,0,0,0,0,0,0,0,0,0,0,0,0,NA,NA,NA,816.3333,0,0.223692816,0,NA,NA,NA,NA,NA,NA,0,NA,NA,NA,NA,NA,NA,NA,NA,NA,"LOW",113.564829404318,73.6852605014993
"567",NA,708,"20E TAYLOR CORRIDOR",2016,"6406-14155",NA,"LOW",0,"20E",5.826,64.1167,-141.9583,0,0,0,0,0,0,0,0,0,0,0,0,0,0,0,NA,NA,NA,803.5,0,0,0,NA,NA,NA,NA,NA,NA,0,NA,NA,NA,NA,NA,NA,NA,NA,NA,"LOW",117.125500479025,166.575510464096
"568",NA,708,"20E TAYLOR CORRIDOR",2016,"6404-14155",NA,"LOW",0,"20E",5.833,64.0833,-141.9583,0,0,0,0,0,0,0,0,0,0,0,0,0,0,0,NA,NA,NA,612.2,0.035659218,0,0,NA,NA,NA,NA,NA,NA,0,NA,NA,NA,NA,NA,NA,NA,NA,NA,"LOW",117.150550469371,162.853569727902
"569",NA,708,"20E TAYLOR CORRIDOR",2016,"6402-14155",NA,"LOW",0,"20E",5.84,64.05,-141.9583,0,0,0,0,0,0,0,0,0,0,0,0,0,0,0,NA,NA,NA,532.2,0.717472875,0,0,NA,NA,NA,NA,NA,NA,0,NA,NA,NA,NA,NA,NA,NA,NA,NA,"LOW",117.175518280665,159.142789768112
"570",NA,708,"20E TAYLOR CORRIDOR",2016,"6358-14155",NA,"LOW",0,"20E",5.854,63.9833,-141.9583,0,0,0,0,0,0,0,0,0,0,0,0,0,0,0,NA,NA,NA,604.1334,0.933691103,0.066308897,0,NA,NA,NA,NA,NA,NA,0,NA,NA,NA,NA,NA,NA,NA,NA,NA,"LOW",117.225507288831,151.710138203283
"571",NA,708,"20E TAYLOR CORRIDOR",2016,"6356-14155",NA,"LOW",0,"20E",5.861,63.95,-141.9583,0,0,0,0,0,0,0,0,0,0,0,0,0,0,0,NA,NA,NA,663.6,0.327113477,0.672886523,0,NA,NA,NA,NA,NA,NA,0,NA,NA,NA,NA,NA,NA,NA,NA,NA,"LOW",117.250453522698,147.999410035038
"572",NA,708,"20E TAYLOR CORRIDOR",2016,"6354-14155",NA,"LOW",0,"20E",5.868,63.9167,-141.9583,0,0,0,0,0,0,0,0,0,0,0,0,0,0,0,NA,NA,NA,700.5,0.001244117,0.998755883,0,NA,NA,NA,NA,NA,NA,0,NA,NA,NA,NA,NA,NA,NA,NA,NA,"LOW",117.275392554335,144.288699144457
"573",NA,708,"20E TAYLOR CORRIDOR",2016,"6352-14155",NA,"LOW",0,"20E",5.875,63.8833,-141.9583,0,0,0,0,0,0,0,0,0,0,0,0,0,0,0,NA,NA,NA,712,0,1,0,NA,NA,NA,NA,NA,NA,0,NA,NA,NA,NA,NA,NA,NA,NA,NA,"LOW",117.300399234747,140.56686234907
"574",NA,708,"20E TAYLOR CORRIDOR",2016,"6348-14155",NA,"LOW",0,"20E",5.888,63.8167,-141.9583,0,0,0,0,0,0,0,0,0,0,0,0,0,0,0,NA,NA,NA,689.7333,0,1,0,NA,NA,NA,NA,NA,NA,0,NA,NA,NA,NA,NA,NA,NA,NA,NA,"LOW",117.350241167322,133.145527199543
"575",NA,708,"20E TAYLOR CORRIDOR",2016,"6346-14155",NA,"LOW",0,"20E",5.895,63.7833,-141.9583,0,0,0,0,0,0,0,0,0,0,0,0,0,0,0,NA,NA,NA,725.6667,0,1,0,NA,NA,NA,NA,NA,NA,0,NA,NA,NA,NA,NA,NA,NA,NA,NA,"LOW",117.375226077954,129.423742584687
"576",NA,708,"20E TAYLOR CORRIDOR",2016,"6344-14155",NA,"LOW",0,"20E",5.902,63.75,-141.9583,0,0,0,0,0,0,0,0,0,0,0,0,0,0,0,NA,NA,NA,657.8666,0,0.437633161,0,NA,NA,NA,NA,NA,NA,0,NA,NA,NA,NA,NA,NA,NA,NA,NA,"LOW",117.400128928034,125.713118418543
"577",NA,708,"20E TAYLOR CORRIDOR",2016,"6342-14155",NA,"LOW",0,"20E",5.909,63.7167,-141.9583,0,0,0,0,0,0,0,0,0,0,0,0,0,0,0,NA,NA,NA,700.125,0.222839626,0,0,NA,NA,NA,NA,NA,NA,0,NA,NA,NA,NA,NA,NA,NA,NA,NA,"LOW",117.425024525102,122.00251162272
"578",NA,708,"20E TAYLOR CORRIDOR",2016,"6340-14155",NA,"LOW",0,"20E",5.916,63.6833,-141.9583,0,0,0,0,0,0,0,0,0,0,0,0,0,0,0,NA,NA,NA,658.6,0.880766599,0,0,NA,NA,NA,NA,NA,NA,0,NA,NA,NA,NA,NA,NA,NA,NA,NA,"LOW",117.449987589515,118.280779327626
"579",NA,708,"20E TAYLOR CORRIDOR",2016,"6338-14155",NA,"LOW",0,"20E",5.924,63.65,-141.9583,0,0,0,0,0,0,0,0,0,0,0,0,0,0,0,NA,NA,NA,616.0667,0.698060377,0,0,NA,NA,NA,NA,NA,NA,0,NA,NA,NA,NA,NA,NA,NA,NA,NA,"LOW",117.474868633383,114.570207370743
"580",NA,708,"20E TAYLOR CORRIDOR",2016,"6336-14155",NA,"LOW",0,"20E",5.93,63.6167,-141.9583,0,0,0,0,0,0,0,0,0,0,0,0,0,0,0,NA,NA,NA,629.125,0.23976351,0,0,NA,NA,NA,NA,NA,NA,0,NA,NA,NA,NA,NA,NA,NA,NA,NA,"LOW",117.499742398886,110.859652830196
"581",NA,708,"20E TAYLOR CORRIDOR",2016,"6334-14155",NA,"LOW",1,"20E",5.937,63.5833,-141.9583,0,0,0,0,0,0,0,0,0,0,0,0,0,0,0,NA,NA,NA,644.2,0,0,0,NA,NA,NA,NA,NA,NA,0,NA,NA,NA,NA,NA,NA,NA,NA,NA,"LOW",117.524683540716,107.137972993441
"582",NA,708,"20E TAYLOR CORRIDOR",2016,"6332-14155",NA,"LOW",0,"20E",5.944,63.55,-141.9583,0,0,0,0,0,0,0,0,0,0,0,0,0,0,0,NA,NA,NA,682.9333,0,0,0,NA,NA,NA,NA,NA,NA,0,NA,NA,NA,NA,NA,NA,NA,NA,NA,"LOW",117.549542702261,103.427453383772
"583",NA,708,"20E TAYLOR CORRIDOR",2016,"6406-14150",NA,"LOW",0,"20E",5.826,64.1167,-141.875,0,0,0,0,0,0,0,0,0,0,0,0,0,0,0,NA,NA,NA,789.2,0,0,0,NA,NA,NA,NA,NA,NA,0,NA,NA,NA,NA,NA,NA,NA,NA,NA,"LOW",121.182964750268,166.605476290384
"584",NA,708,"20E TAYLOR CORRIDOR",2016,"6404-14150",NA,"LOW",0,"20E",5.833,64.0833,-141.875,0,0,0,0,0,0,0,0,0,0,0,0,0,0,0,NA,NA,NA,709.75,0,0,0,NA,NA,NA,NA,NA,NA,0,NA,NA,NA,NA,NA,NA,NA,NA,NA,"LOW",121.212882516222,162.883563013349
"585",NA,708,"20E TAYLOR CORRIDOR",2016,"6402-14150",NA,"LOW",0,"20E",5.84,64.05,-141.875,0,0,0,0,0,0,0,0,0,0,0,0,0,0,0,NA,NA,NA,604,0.490235227,0.004230611,0,NA,NA,NA,NA,NA,NA,0,NA,NA,NA,NA,NA,NA,NA,NA,NA,"LOW",121.242702134214,159.172810389791
"586",NA,708,"20E TAYLOR CORRIDOR",2016,"6358-14150",NA,"LOW",0,"20E",5.854,63.9833,-141.875,0,0,0,0,0,0,0,0,0,0,0,0,0,0,0,NA,NA,NA,710.6875,0.193176313,0.806823687,0,NA,NA,NA,NA,NA,NA,0,NA,NA,NA,NA,NA,NA,NA,NA,NA,"LOW",121.302405130779,151.740213457116
"587",NA,708,"20E TAYLOR CORRIDOR",2016,"6356-14150",NA,"LOW",0,"20E",5.861,63.95,-141.875,0,0,0,0,0,0,0,0,0,0,0,0,0,0,0,NA,NA,NA,731.9286,0.003295636,0.996704364,0,NA,NA,NA,NA,NA,NA,0,NA,NA,NA,NA,NA,NA,NA,NA,NA,"LOW",121.332198979347,148.029512502812
"588",NA,708,"20E TAYLOR CORRIDOR",2016,"6344-14150",NA,"LOW",0,"20E",5.902,63.75,-141.875,0,0,0,0,0,0,0,0,0,0,0,0,0,0,0,NA,NA,NA,759.0667,0,0.415887899,0,NA,NA,NA,NA,NA,NA,0,NA,NA,NA,NA,NA,NA,NA,NA,NA,"LOW",121.510959691551,125.743383473768
"589",NA,708,"20E TAYLOR CORRIDOR",2016,"6340-14150",NA,"LOW",0,"20E",5.916,63.6833,-141.875,0,0,0,0,0,0,0,0,0,0,0,0,0,0,0,NA,NA,NA,789.6,0.975502046,0,0,NA,NA,NA,NA,NA,NA,0,NA,NA,NA,NA,NA,NA,NA,NA,NA,"LOW",121.570507018047,118.31109827716
"590",NA,708,"20E TAYLOR CORRIDOR",2016,"6338-14150",NA,"LOW",1,"20E",5.924,63.65,-141.875,0,0,0,0,0,0,0,0,0,0,0,0,0,0,0,NA,NA,NA,734.8666,1,0,0,NA,NA,NA,NA,NA,NA,0,NA,NA,NA,NA,NA,NA,NA,NA,NA,"LOW",121.600223011685,114.600553165352
"591",NA,708,"20E TAYLOR CORRIDOR",2016,"6408-14145",NA,"LOW",0,"20E",5.819,64.15,-141.7917,0,0,0,0,0,0,0,0,0,0,0,0,0,0,0,NA,NA,NA,620.5,0.251921537,0,0,NA,NA,NA,NA,NA,NA,0,NA,NA,NA,NA,NA,NA,NA,NA,NA,"LOW",125.205705052497,170.351504219504
"592",NA,708,"20E TAYLOR CORRIDOR",2016,"6406-14145",NA,"LOW",1,"20E",5.826,64.1167,-141.7917,0,0,0,0,0,0,0,0,0,0,0,0,0,0,0,NA,NA,NA,709.3571,0.164689132,0,0,NA,NA,NA,NA,NA,NA,0,NA,NA,NA,NA,NA,NA,NA,NA,NA,"LOW",125.240396411565,166.640749484536
"593",NA,708,"20E TAYLOR CORRIDOR",2016,"6404-14145",NA,"LOW",0,"20E",5.833,64.0833,-141.7917,0,0,0,0,0,0,0,0,0,0,0,0,0,0,0,NA,NA,NA,638.6,0.196834434,0,0,NA,NA,NA,NA,NA,NA,0,NA,NA,NA,NA,NA,NA,NA,NA,NA,"LOW",125.275181962417,162.918868530483
"594",NA,708,"20E TAYLOR CORRIDOR",2016,"6346-14145",NA,"LOW",0,"20E",5.895,63.7833,-141.7917,0,0,0,0,0,0,0,0,0,0,0,0,0,0,0,NA,NA,NA,961.7333,0.353427049,0.272485037,0,NA,NA,NA,NA,NA,NA,0,NA,NA,NA,NA,NA,NA,NA,NA,NA,"LOW",125.587176723052,129.489574351715
"595",NA,708,"20E TAYLOR CORRIDOR",2016,"6344-14145",NA,"LOW",0,"20E",5.902,63.75,-141.7917,0,0,0,0,0,0,0,0,0,0,0,0,0,0,0,NA,NA,NA,798.5625,0.400794842,0.023972647,0,NA,NA,NA,NA,NA,NA,0,NA,NA,NA,NA,NA,NA,NA,NA,NA,"LOW",125.621757956552,125.779008899192
"596",NA,708,"20E TAYLOR CORRIDOR",2016,"6342-14145",NA,"LOW",0,"20E",5.909,63.7167,-141.7917,0,0,0,0,0,0,0,0,0,0,0,0,0,0,0,NA,NA,NA,927.7143,0.621293549,0,0,NA,NA,NA,NA,NA,NA,0,NA,NA,NA,NA,NA,NA,NA,NA,NA,"LOW",125.656329119022,122.068460727697
"597",NA,708,"20E TAYLOR CORRIDOR",2016,"6338-14145",NA,"LOW",0,"20E",5.924,63.65,-141.7917,0,0,0,0,0,0,0,0,0,0,0,0,0,0,0,NA,NA,NA,869.125,1,0,0,NA,NA,NA,NA,NA,NA,0,NA,NA,NA,NA,NA,NA,NA,NA,NA,"LOW",125.725544925462,114.636273631541
"598",NA,836,"20E TAYLOR CORRIDOR",2017,"6346-14305",NA,"LOW",0,"20E",5.895,63.7833,-143.125,0,0,0,0,0,0,0,0,0,0,0,0,0,0,0,NA,NA,NA,794.2857,1,0,0,NA,NA,NA,NA,NA,NA,0,NA,NA,NA,NA,NA,NA,NA,NA,NA,"LOW",59.8662475352334,129.563028749696
"599",NA,836,"20E TAYLOR CORRIDOR",2017,"6348-14305",NA,"LOW",0,"20E",5.888,63.8167,-143.125,0,0,0,0,0,0,0,0,0,0,0,0,0,0,0,NA,NA,NA,709.5333,1,0,0,NA,NA,NA,NA,NA,NA,0,NA,NA,NA,NA,NA,NA,NA,NA,NA,"LOW",59.9092634663291,133.284688574342
"600",NA,836,"20E TAYLOR CORRIDOR",2017,"6350-14305",NA,"LOW",0,"20E",5.882,63.85,-143.125,0,0,0,0,0,0,0,0,0,0,0,0,0,0,0,NA,NA,NA,704.6667,1,0,0,NA,NA,NA,NA,NA,NA,0,NA,NA,NA,NA,NA,NA,NA,NA,NA,"LOW",59.952163081949,136.995222881592
"601",1,836,"20E TAYLOR CORRIDOR",2017,"6352-14305",NA,"LOW",1,"20E",5.875,63.8833,-143.125,0,0,0,0,0,1,0,0,0,0,1,1,1,0,0,NA,NA,NA,718.7857,1,0,0,NA,NA,NA,NA,NA,NA,0,NA,NA,NA,NA,NA,NA,NA,NA,NA,"LOW",59.9950751390346,140.70577432452
"602",NA,836,"20E TAYLOR CORRIDOR",2017,"6354-14305",NA,"LOW",0,"20E",5.868,63.9167,-143.125,0,0,0,0,0,0,0,0,0,0,0,0,0,0,0,NA,NA,NA,749.2,1,0,0,NA,NA,NA,NA,NA,NA,0,NA,NA,NA,NA,NA,NA,NA,NA,NA,"LOW",60.038128544082,144.427485762156
"603",NA,836,"20E TAYLOR CORRIDOR",2017,"6342-14300",NA,"LOW",0,"20E",5.909,63.7167,-143.0417,0,0,0,0,0,0,0,0,0,0,0,0,0,0,0,NA,NA,NA,854.4375,1,0,0,NA,NA,NA,NA,NA,NA,0,NA,NA,NA,NA,NA,NA,NA,NA,NA,"LOW",63.8960788004504,122.097194154248
"604",1,836,"20E TAYLOR CORRIDOR",2017,"6346-14300",NA,"HIGH",1,"20E",5.895,63.7833,-143.0417,0,0,0,0,0,1,0,0,0,0,1,1,1,0,0,NA,NA,NA,759.0625,1,0,0,NA,NA,NA,NA,NA,NA,0,NA,NA,NA,NA,NA,NA,NA,NA,NA,"HIGH",63.9721385866665,129.518256654195
"605",NA,836,"20E TAYLOR CORRIDOR",2017,"6352-14300",NA,"LOW",0,"20E",5.875,63.8833,-143.0417,0,0,0,0,0,0,0,0,0,0,0,0,0,0,0,NA,NA,NA,707.625,0.999997417,0,0,NA,NA,NA,NA,NA,NA,0,NA,NA,NA,NA,NA,NA,NA,NA,NA,"LOW",64.0864255480583,140.661122510687
"606",NA,836,"20E TAYLOR CORRIDOR",2017,"6354-14300",NA,"LOW",0,"20E",5.868,63.9167,-143.0417,0,0,0,0,0,0,0,0,0,0,0,0,0,0,0,NA,NA,NA,734.125,0.28219257,0,0,NA,NA,NA,NA,NA,NA,0,NA,NA,NA,NA,NA,NA,NA,NA,NA,"LOW",64.1246195597141,144.382874244042
"607",2,836,"20E TAYLOR CORRIDOR",2017,"6356-14300",NA,"LOW",1,"20E",5.861,63.95,-143.0417,0,0,0,0,0,0,1,0,0,0,2,1,1,0,1,NA,NA,NA,834.5714,0.397778677,0,0,NA,NA,NA,NA,NA,NA,0,NA,NA,NA,NA,NA,NA,NA,NA,NA,"LOW",64.1627102465456,148.093500199445
"608",NA,836,"20E TAYLOR CORRIDOR",2017,"6344-14255",NA,"LOW",0,"20E",5.902,63.75,-142.9583,0,0,0,0,0,0,0,0,0,0,0,0,0,0,0,NA,NA,NA,771.0667,1,0,0,NA,NA,NA,NA,NA,NA,0,NA,NA,NA,NA,NA,NA,NA,NA,NA,"LOW",68.0498099115031,125.768221009829
"609",NA,836,"20E TAYLOR CORRIDOR",2017,"6354-14255",NA,"LOW",0,"20E",5.868,63.9167,-142.9583,0,0,0,0,0,0,0,0,0,0,0,0,0,0,0,NA,NA,NA,725.1334,0.007946677,0,0,NA,NA,NA,NA,NA,NA,0,NA,NA,NA,NA,NA,NA,NA,NA,NA,"LOW",68.2160580294192,144.343555190114
"610",0,836,"20E TAYLOR CORRIDOR",2017,"6356-14255",NA,"LOW",1,"20E",5.861,63.95,-142.9583,0,0,0,0,0,0,0,0,0,0,0,0,0,0,0,NA,NA,NA,813,0,0,0,NA,NA,NA,NA,NA,NA,0,NA,NA,NA,NA,NA,NA,NA,NA,NA,"LOW",68.2492966646294,148.054216607206
"611",NA,836,"20E TAYLOR CORRIDOR",2017,"6358-14255",NA,"LOW",0,"20E",5.854,63.9833,-142.9583,0,0,0,0,0,0,0,0,0,0,0,0,0,0,0,NA,NA,NA,946.3125,0,0.410873043,0,NA,NA,NA,NA,NA,NA,0,NA,NA,NA,NA,NA,NA,NA,NA,NA,"LOW",68.2825448982747,151.764895227679
"612",NA,836,"20E TAYLOR CORRIDOR",2017,"6356-14250",NA,"LOW",0,"20E",5.861,63.95,-142.875,0,0,0,0,0,0,0,0,0,0,0,0,0,0,0,NA,NA,NA,754.8125,0.000507251,0,0,NA,NA,NA,NA,NA,NA,0,NA,NA,NA,NA,NA,NA,NA,NA,NA,"LOW",72.3310194604744,148.020314897249
"613",NA,836,"20E TAYLOR CORRIDOR",2017,"6358-14250",NA,"LOW",0,"20E",5.854,63.9833,-142.875,0,0,0,0,0,0,0,0,0,0,0,0,0,0,0,NA,NA,NA,1033.2,0,0.067383189,0,NA,NA,NA,NA,NA,NA,0,NA,NA,NA,NA,NA,NA,NA,NA,NA,"LOW",72.3594200724952,151.731024166625
"614",NA,836,"20E TAYLOR CORRIDOR",2017,"6400-14250",NA,"LOW",0,"20E",5.847,64.0167,-142.875,0,0,0,0,0,0,0,0,0,0,0,0,0,0,0,NA,NA,NA,1078.4,0,0.180339244,0,NA,NA,NA,NA,NA,NA,0,NA,NA,NA,NA,NA,NA,NA,NA,NA,"LOW",72.3879141982462,155.452894018616
"615",NA,836,"20E TAYLOR CORRIDOR",2017,"6354-14245",NA,"LOW",0,"20E",5.868,63.9167,-142.7917,0,0,0,0,0,0,0,0,0,0,0,0,0,0,0,NA,NA,NA,787,0.999210011,0,0,NA,NA,NA,NA,NA,NA,0,NA,NA,NA,NA,NA,NA,NA,NA,NA,"LOW",76.3892270955655,144.281026945414
"616",NA,836,"20E TAYLOR CORRIDOR",2017,"6356-14245",NA,"LOW",0,"20E",5.861,63.95,-142.7917,0,0,0,0,0,0,0,0,0,0,0,0,0,0,0,NA,NA,NA,728,0.486592469,0,0,NA,NA,NA,NA,NA,NA,0,NA,NA,NA,NA,NA,NA,NA,NA,NA,"LOW",76.4127732953905,147.9917447553
"617",NA,836,"20E TAYLOR CORRIDOR",2017,"6400-14245",NA,"LOW",0,"20E",5.847,64.0167,-142.7917,0,0,0,0,0,0,0,0,0,0,0,0,0,0,0,NA,NA,NA,1064.5294,0,0,0,NA,NA,NA,NA,NA,NA,0,NA,NA,NA,NA,NA,NA,NA,NA,NA,"LOW",76.4599568475582,155.424375650214
"618",NA,836,"20E TAYLOR CORRIDOR",2017,"6404-14245",NA,"LOW",0,"20E",5.833,64.0833,-142.7917,0,0,0,0,0,0,0,0,0,0,0,0,0,0,0,NA,NA,NA,786.2,0.947374491,0,0,NA,NA,NA,NA,NA,NA,0,NA,NA,NA,NA,NA,NA,NA,NA,NA,"LOW",76.5070968163435,162.845932250096
"619",NA,836,"20E TAYLOR CORRIDOR",2017,"6412-14245",NA,"LOW",0,"20E",5.805,64.2167,-142.7917,0,0,0,0,0,0,0,0,0,0,0,0,0,0,0,NA,NA,NA,1082.1765,0,0,0,NA,NA,NA,NA,NA,NA,0,NA,NA,NA,NA,NA,NA,NA,NA,NA,"LOW",76.6015996709112,177.711539507803
"620",NA,836,"20E TAYLOR CORRIDOR",2017,"6414-14245",NA,"LOW",0,"20E",5.8,64.25,-142.7917,0,0,0,0,0,0,0,0,0,0,0,0,0,0,0,NA,NA,NA,995.7857,0,0,0,NA,NA,NA,NA,NA,NA,0,NA,NA,NA,NA,NA,NA,NA,NA,NA,"LOW",76.6252068439389,181.422412503974
"621",2,836,"20E TAYLOR CORRIDOR",2017,"6416-14245",NA,"LOW",1,"20E",5.791,64.2833,-142.7917,0,0,0,0,1,1,0,0,0,0,2,2,1,1,0,NA,NA,NA,914.0667,0,0,0,NA,NA,NA,NA,NA,NA,0,NA,NA,NA,NA,NA,NA,NA,NA,NA,"LOW",76.6488207449261,185.133302647521
"622",NA,836,"20E TAYLOR CORRIDOR",2017,"6344-14240",NA,"LOW",0,"20E",5.902,63.75,-142.7083,0,0,0,0,0,0,0,0,0,0,0,0,0,0,0,NA,NA,NA,773.1334,0.959313089,0,0,NA,NA,NA,NA,NA,NA,0,NA,NA,NA,NA,NA,NA,NA,NA,NA,"LOW",80.3872570250959,125.682022814645
"623",NA,836,"20E TAYLOR CORRIDOR",2017,"6348-14240",NA,"LOW",0,"20E",5.888,63.8167,-142.7083,0,0,0,0,0,0,0,0,0,0,0,0,0,0,0,NA,NA,NA,782.8666,1,0,0,NA,NA,NA,NA,NA,NA,0,NA,NA,NA,NA,NA,NA,NA,NA,NA,"LOW",80.4246526467157,133.114487137329
"624",NA,836,"20E TAYLOR CORRIDOR",2017,"6350-14240",NA,"LOW",0,"20E",5.882,63.85,-142.7083,0,0,0,0,0,0,0,0,0,0,0,0,0,0,0,NA,NA,NA,729.2,1,0,0,NA,NA,NA,NA,NA,NA,0,NA,NA,NA,NA,NA,NA,NA,NA,NA,"LOW",80.4433305726706,136.825173842432
"625",NA,836,"20E TAYLOR CORRIDOR",2017,"6354-14240",NA,"LOW",0,"20E",5.868,63.9167,-142.7083,0,0,0,0,0,0,0,0,0,0,0,0,0,0,0,NA,NA,NA,787.3333,1,0,0,NA,NA,NA,NA,NA,NA,0,NA,NA,NA,NA,NA,NA,NA,NA,NA,"LOW",80.4807588028035,144.257742669247
"626",NA,836,"20E TAYLOR CORRIDOR",2017,"6356-14240",NA,"LOW",0,"20E",5.861,63.95,-142.7083,0,0,0,0,0,0,0,0,0,0,0,0,0,0,0,NA,NA,NA,749.5333,0.912858849,0,0,NA,NA,NA,NA,NA,NA,0,NA,NA,NA,NA,NA,NA,NA,NA,NA,"LOW",80.4994529799909,147.968481478326
"627",NA,836,"20E TAYLOR CORRIDOR",2017,"6358-14240",NA,"LOW",0,"20E",5.854,63.9833,-142.7083,0,0,0,0,0,0,0,0,0,0,0,0,0,0,0,NA,NA,NA,716.6875,0.205978527,0,0,NA,NA,NA,NA,NA,NA,0,NA,NA,NA,NA,NA,NA,NA,NA,NA,"LOW",80.5181525561455,151.679237606985
"628",0,836,"20E TAYLOR CORRIDOR",2017,"6400-14240",NA,"LOW",1,"20E",5.847,64.0167,-142.7083,0,0,0,0,0,0,0,0,0,0,0,0,0,0,0,NA,NA,NA,748.1429,0,0,0,NA,NA,NA,NA,NA,NA,0,NA,NA,NA,NA,NA,NA,NA,NA,NA,"LOW",80.5369137041144,155.401154529484
"629",NA,836,"20E TAYLOR CORRIDOR",2017,"6402-14240",NA,"LOW",0,"20E",5.84,64.05,-142.7083,0,0,0,0,0,0,0,0,0,0,0,0,0,0,0,NA,NA,NA,720.1334,0,0,0,NA,NA,NA,NA,NA,NA,0,NA,NA,NA,NA,NA,NA,NA,NA,NA,"LOW",80.5556240753308,159.111945302527
"630",0,836,"20E TAYLOR CORRIDOR",2017,"6410-14240",NA,"LOW",1,"20E",5.812,64.1833,-142.7083,0,0,0,0,0,0,0,0,0,0,0,0,0,0,0,NA,NA,NA,1092.3125,0,0,0,NA,NA,NA,NA,NA,NA,0,NA,NA,NA,NA,NA,NA,NA,NA,NA,"LOW",80.6305755556088,173.966424715509
"631",NA,836,"20E TAYLOR CORRIDOR",2017,"6328-14235",NA,"LOW",0,"20E",5.958,63.4833,-142.625,0,0,0,0,0,0,0,0,0,0,0,0,0,0,0,NA,NA,NA,744.125,1,0,0,NA,NA,NA,NA,NA,NA,0,NA,NA,NA,NA,NA,NA,NA,NA,NA,"LOW",84.3875402947925,95.9458831318263
"632",NA,836,"20E TAYLOR CORRIDOR",2017,"6330-14235",NA,"LOW",0,"20E",5.951,63.5167,-142.625,0,0,0,0,0,0,0,0,0,0,0,0,0,0,0,NA,NA,NA,728.6,1,0,0,NA,NA,NA,NA,NA,NA,0,NA,NA,NA,NA,NA,NA,NA,NA,NA,"LOW",84.4013772265882,99.6675537122814
"633",NA,836,"20E TAYLOR CORRIDOR",2017,"6332-14235",NA,"LOW",0,"20E",5.944,63.55,-142.625,0,0,0,0,0,0,0,0,0,0,0,0,0,0,0,NA,NA,NA,719.875,0.97538534,0,0,NA,NA,NA,NA,NA,NA,0,NA,NA,NA,NA,NA,NA,NA,NA,NA,"LOW",84.4151767970199,103.378099137081
"634",0,836,"20E TAYLOR CORRIDOR",2017,"6334-14235",NA,"LOW",1,"20E",5.937,63.5833,-142.625,0,0,0,0,0,0,0,0,0,0,0,0,0,0,0,NA,NA,NA,730.4667,0.711633874,0,0,NA,NA,NA,NA,NA,NA,0,NA,NA,NA,NA,NA,NA,NA,NA,NA,"LOW",84.4289804232451,107.088662090894
"635",NA,836,"20E TAYLOR CORRIDOR",2017,"6338-14235",NA,"LOW",0,"20E",5.924,63.65,-142.625,0,0,0,0,0,0,0,0,0,0,0,0,0,0,0,NA,NA,NA,712.647,0.38738147,0,0,NA,NA,NA,NA,NA,NA,0,NA,NA,NA,NA,NA,NA,NA,NA,NA,"LOW",84.4566413070843,114.520983487578
"636",NA,836,"20E TAYLOR CORRIDOR",2017,"6340-14235",NA,"LOW",0,"20E",5.916,63.6833,-142.625,0,0,0,0,0,0,0,0,0,0,0,0,0,0,0,NA,NA,NA,757.1334,0,0.031368143,0,NA,NA,NA,NA,NA,NA,0,NA,NA,NA,NA,NA,NA,NA,NA,NA,"LOW",84.4704570847231,118.231598989117
"637",NA,836,"20E TAYLOR CORRIDOR",2017,"6342-14235",NA,"LOW",0,"20E",5.909,63.7167,-142.625,0,0,0,0,0,0,0,0,0,0,0,0,0,0,0,NA,NA,NA,726.8571,0.092322122,0.627730162,0,NA,NA,NA,NA,NA,NA,0,NA,NA,NA,NA,NA,NA,NA,NA,NA,"LOW",84.4843184064246,121.953375026586
"638",NA,836,"20E TAYLOR CORRIDOR",2017,"6348-14235",NA,"LOW",0,"20E",5.888,63.8167,-142.625,0,0,0,0,0,0,0,0,0,0,0,0,0,0,0,NA,NA,NA,880.2143,1,0,0,NA,NA,NA,NA,NA,NA,0,NA,NA,NA,NA,NA,NA,NA,NA,NA,"LOW",84.525843605421,133.09652196893
"639",NA,836,"20E TAYLOR CORRIDOR",2017,"6354-14235",NA,"LOW",0,"20E",5.868,63.9167,-142.625,0,0,0,0,0,0,0,0,0,0,0,0,0,0,0,NA,NA,NA,716.0667,1,0,0,NA,NA,NA,NA,NA,NA,0,NA,NA,NA,NA,NA,NA,NA,NA,NA,"LOW",84.5674050411216,144.239825878318
"640",NA,836,"20E TAYLOR CORRIDOR",2017,"6356-14235",NA,"LOW",0,"20E",5.861,63.95,-142.625,0,0,0,0,0,0,0,0,0,0,0,0,0,0,0,NA,NA,NA,691.6875,1,0,0,NA,NA,NA,NA,NA,NA,0,NA,NA,NA,NA,NA,NA,NA,NA,NA,"LOW",84.5812530198017,147.950580845728
"641",NA,836,"20E TAYLOR CORRIDOR",2017,"6400-14235",NA,"LOW",0,"20E",5.847,64.0167,-142.625,0,0,0,0,0,0,0,0,0,0,0,0,0,0,0,NA,NA,NA,671.8666,0.035015276,0,0,NA,NA,NA,NA,NA,NA,0,NA,NA,NA,NA,NA,NA,NA,NA,NA,"LOW",84.6090025863589,155.383286335014
"642",NA,836,"20E TAYLOR CORRIDOR",2017,"6402-14235",NA,"LOW",0,"20E",5.84,64.05,-142.625,0,0,0,0,0,0,0,0,0,0,0,0,0,0,0,NA,NA,NA,735.7647,0.003833396,0,0,NA,NA,NA,NA,NA,NA,0,NA,NA,NA,NA,NA,NA,NA,NA,NA,"LOW",84.622862561269,159.094093339179
"643",NA,836,"20E TAYLOR CORRIDOR",2017,"6410-14235",NA,"LOW",0,"20E",5.812,64.1833,-142.625,0,0,0,0,0,0,0,0,0,0,0,0,0,0,0,NA,NA,NA,884.6667,0,0,0,NA,NA,NA,NA,NA,NA,0,NA,NA,NA,NA,NA,NA,NA,NA,NA,"LOW",84.6783839424877,173.948637967455
"644",NA,836,"20E TAYLOR CORRIDOR",2017,"6412-14235",NA,"LOW",0,"20E",5.805,64.2167,-142.625,0,0,0,0,0,0,0,0,0,0,0,0,0,0,0,NA,NA,NA,900.2857,0,0,0,NA,NA,NA,NA,NA,NA,0,NA,NA,NA,NA,NA,NA,NA,NA,NA,"LOW",84.6923054961495,177.670675201672
"645",NA,836,"20E TAYLOR CORRIDOR",2017,"6414-14235",NA,"LOW",0,"20E",5.8,64.25,-142.625,0,0,0,0,0,0,0,0,0,0,0,0,0,0,0,NA,NA,NA,1114.5,0,0,0,NA,NA,NA,NA,NA,NA,0,NA,NA,NA,NA,NA,NA,NA,NA,NA,"LOW",84.7061893362303,181.381585856171
"646",NA,836,"20E TAYLOR CORRIDOR",2017,"6328-14230",NA,"LOW",0,"20E",5.958,63.4833,-142.5417,0,0,0,0,0,0,0,0,0,0,0,0,0,0,0,NA,NA,NA,733.6,1,0,0,NA,NA,NA,NA,NA,NA,0,NA,NA,NA,NA,NA,NA,NA,NA,NA,"LOW",88.5371465551048,95.9331565950122
"647",NA,836,"20E TAYLOR CORRIDOR",2017,"6330-14230",NA,"LOW",0,"20E",5.951,63.5167,-142.5417,0,0,0,0,0,0,0,0,0,0,0,0,0,0,0,NA,NA,NA,715.0625,1,0,0,NA,NA,NA,NA,NA,NA,0,NA,NA,NA,NA,NA,NA,NA,NA,NA,"LOW",88.5461411584911,99.654838331433
"648",4,836,"20E TAYLOR CORRIDOR",2017,"6332-14230",NA,"LOW",1,"20E",5.944,63.55,-142.5417,1,0,2,0,0,1,0,0,0,0,4,4,1,3,0,NA,NA,NA,739.5333,1,0,0,NA,NA,NA,NA,NA,NA,0,NA,NA,NA,NA,NA,NA,NA,NA,NA,"LOW",88.5551114754185,103.365394896056
"649",NA,836,"20E TAYLOR CORRIDOR",2017,"6334-14230",NA,"LOW",0,"20E",5.937,63.5833,-142.5417,0,0,0,0,0,0,0,0,0,0,0,0,0,0,0,NA,NA,NA,799.2,0.651118436,0,0,NA,NA,NA,NA,NA,NA,0,NA,NA,NA,NA,NA,NA,NA,NA,NA,"LOW",88.5640844288285,107.07596900691
"650",NA,836,"20E TAYLOR CORRIDOR",2017,"6336-14230",NA,"LOW",0,"20E",5.93,63.6167,-142.5417,0,0,0,0,0,0,0,0,0,0,0,0,0,0,0,NA,NA,NA,731.375,0.122979149,0,0,NA,NA,NA,NA,NA,NA,0,NA,NA,NA,NA,NA,NA,NA,NA,NA,"LOW",88.5730869733549,110.797703592928
"651",NA,836,"20E TAYLOR CORRIDOR",2017,"6338-14230",NA,"LOW",0,"20E",5.924,63.65,-142.5417,0,0,0,0,0,0,0,0,0,0,0,0,0,0,0,NA,NA,NA,751.6,0.207195094,0,0,NA,NA,NA,NA,NA,NA,0,NA,NA,NA,NA,NA,NA,NA,NA,NA,"LOW",88.5820651984935,114.508312802903
"652",NA,836,"20E TAYLOR CORRIDOR",2017,"6340-14230",NA,"LOW",0,"20E",5.916,63.6833,-142.5417,0,0,0,0,0,0,0,0,0,0,0,0,0,0,0,NA,NA,NA,818.8666,0,0,0,NA,NA,NA,NA,NA,NA,0,NA,NA,NA,NA,NA,NA,NA,NA,NA,"LOW",88.5910460509722,118.218939513099
"653",NA,836,"20E TAYLOR CORRIDOR",2017,"6400-14230",NA,"LOW",0,"20E",5.847,64.0167,-142.5417,0,0,0,0,0,0,0,0,0,0,0,0,0,0,0,NA,NA,NA,689,0.223271723,0,0,NA,NA,NA,NA,NA,NA,0,NA,NA,NA,NA,NA,NA,NA,NA,NA,"LOW",88.6811066162118,155.370740023508
"654",NA,836,"20E TAYLOR CORRIDOR",2017,"6402-14230",NA,"LOW",0,"20E",5.84,64.05,-142.5417,0,0,0,0,0,0,0,0,0,0,0,0,0,0,0,NA,NA,NA,838.3333,0,0,0,NA,NA,NA,NA,NA,NA,0,NA,NA,NA,NA,NA,NA,NA,NA,NA,"LOW",88.6901161992833,159.081558424431
"655",NA,836,"20E TAYLOR CORRIDOR",2017,"6410-14230",NA,"LOW",0,"20E",5.812,64.1833,-142.5417,0,0,0,0,0,0,0,0,0,0,0,0,0,0,0,NA,NA,NA,794.8571,0,0,0,NA,NA,NA,NA,NA,NA,0,NA,NA,NA,NA,NA,NA,NA,NA,NA,"LOW",88.7262074985314,173.93614884393
"656",NA,836,"20E TAYLOR CORRIDOR",2017,"6412-14230",NA,"LOW",0,"20E",5.805,64.2167,-142.5417,0,0,0,0,0,0,0,0,0,0,0,0,0,0,0,NA,NA,NA,945.2353,0,0,0,NA,NA,NA,NA,NA,NA,0,NA,NA,NA,NA,NA,NA,NA,NA,NA,"LOW",88.7352571106614,177.658197594252
"657",NA,836,"20E TAYLOR CORRIDOR",2017,"6414-14230",NA,"LOW",0,"20E",5.8,64.25,-142.5417,0,0,0,0,0,0,0,0,0,0,0,0,0,0,0,NA,NA,NA,1142.1428,0,0,0,NA,NA,NA,NA,NA,NA,0,NA,NA,NA,NA,NA,NA,NA,NA,NA,"LOW",88.7442822073733,181.369119747316
"658",NA,836,"20E TAYLOR CORRIDOR",2017,"6416-14230",NA,"LOW",0,"20E",5.791,64.2833,-142.5417,0,0,0,0,0,0,0,0,0,0,0,0,0,0,0,NA,NA,NA,996.3571,0,0,0,NA,NA,NA,NA,NA,NA,0,NA,NA,NA,NA,NA,NA,NA,NA,NA,"LOW",88.753309876381,185.080059119985
"659",NA,836,"20E TAYLOR CORRIDOR",2017,"6318-14225",NA,"LOW",0,"20E",5.992,63.3167,-142.4583,0,0,0,0,0,0,0,0,0,0,0,0,0,0,0,NA,NA,NA,909.4667,0.445742117,0,0,NA,NA,NA,NA,NA,NA,0,NA,NA,NA,NA,NA,NA,NA,NA,NA,"LOW",92.6710798049887,77.3622176509276
"660",NA,836,"20E TAYLOR CORRIDOR",2017,"6320-14225",NA,"LOW",0,"20E",5.986,63.35,-142.4583,0,0,0,0,0,0,0,0,0,0,0,0,0,0,0,NA,NA,NA,808.8666,0.797150087,0,0,NA,NA,NA,NA,NA,NA,0,NA,NA,NA,NA,NA,NA,NA,NA,NA,"LOW",92.6752077453891,81.0726748718629
"661",NA,836,"20E TAYLOR CORRIDOR",2017,"6328-14225",NA,"LOW",0,"20E",5.958,63.4833,-142.4583,0,0,0,0,0,0,0,0,0,0,0,0,0,0,0,NA,NA,NA,767.8823,1,0,0,NA,NA,NA,NA,NA,NA,0,NA,NA,NA,NA,NA,NA,NA,NA,NA,"LOW",92.6917441440405,95.9258228320675
"662",NA,836,"20E TAYLOR CORRIDOR",2017,"6330-14225",NA,"LOW",0,"20E",5.951,63.5167,-142.4583,0,0,0,0,0,0,0,0,0,0,0,0,0,0,0,NA,NA,NA,737.9333,1,0,0,NA,NA,NA,NA,NA,NA,0,NA,NA,NA,NA,NA,NA,NA,NA,NA,"LOW",92.6958906096488,99.6475109971715
"663",NA,836,"20E TAYLOR CORRIDOR",2017,"6332-14225",NA,"HIGH",0,"20E",5.944,63.55,-142.4583,0,0,0,0,0,0,0,0,0,0,0,0,0,0,0,NA,NA,NA,759.0667,0.99024375,0,0,NA,NA,NA,NA,NA,NA,0,NA,NA,NA,NA,NA,NA,NA,NA,NA,"HIGH",92.7000258793363,103.358073981175
"664",NA,836,"20E TAYLOR CORRIDOR",2017,"6348-14225",NA,"LOW",0,"20E",5.888,63.8167,-142.4583,0,0,0,0,0,0,0,0,0,0,0,0,0,0,0,NA,NA,NA,683.7143,0.999998502,0,0,NA,NA,NA,NA,NA,NA,0,NA,NA,NA,NA,NA,NA,NA,NA,NA,"LOW",92.7331890212988,133.076638421956
"665",NA,836,"20E TAYLOR CORRIDOR",2017,"6350-14225",NA,"LOW",0,"20E",5.882,63.85,-142.4583,0,0,0,0,0,0,0,0,0,0,0,0,0,0,0,NA,NA,NA,720.7333,1,0,0,NA,NA,NA,NA,NA,NA,0,NA,NA,NA,NA,NA,NA,NA,NA,NA,"LOW",92.7373351900243,136.787359015251
"666",NA,836,"20E TAYLOR CORRIDOR",2017,"6354-14225",NA,"LOW",0,"20E",5.868,63.9167,-142.4583,0,0,0,0,0,0,0,0,0,0,0,0,0,0,0,NA,NA,NA,803.4286,1,0,0,NA,NA,NA,NA,NA,NA,0,NA,NA,NA,NA,NA,NA,NA,NA,NA,"LOW",92.745643594331,144.219995874307
"667",NA,836,"20E TAYLOR CORRIDOR",2017,"6356-14225",NA,"LOW",0,"20E",5.861,63.95,-142.4583,0,0,0,0,0,0,0,0,0,0,0,0,0,0,0,NA,NA,NA,810.5333,1,0,0,NA,NA,NA,NA,NA,NA,0,NA,NA,NA,NA,NA,NA,NA,NA,NA,"LOW",92.7497933707141,147.930768725348
"668",NA,836,"20E TAYLOR CORRIDOR",2017,"6358-14225",NA,"LOW",0,"20E",5.854,63.9833,-142.4583,0,0,0,0,0,0,0,0,0,0,0,0,0,0,0,NA,NA,NA,917.0625,1,0,0,NA,NA,NA,NA,NA,NA,0,NA,NA,NA,NA,NA,NA,NA,NA,NA,"LOW",92.7539443456295,151.641558947083
"669",NA,836,"20E TAYLOR CORRIDOR",2017,"6400-14225",NA,"LOW",0,"20E",5.847,64.0167,-142.4583,0,0,0,0,0,0,0,0,0,0,0,0,0,0,0,NA,NA,NA,831.2,0.850757422,0,0,NA,NA,NA,NA,NA,NA,0,NA,NA,NA,NA,NA,NA,NA,NA,NA,"LOW",92.7581089884552,155.363510116339
"670",0,836,"20E TAYLOR CORRIDOR",2017,"6402-14225",NA,"LOW",1,"20E",5.84,64.05,-142.4583,0,0,0,0,0,0,0,0,0,0,0,0,0,0,0,NA,NA,NA,745.5,0.684140252,0,0,NA,NA,NA,NA,NA,NA,0,NA,NA,NA,NA,NA,NA,NA,NA,NA,"LOW",92.7622623597977,159.074335084703
"671",NA,836,"20E TAYLOR CORRIDOR",2017,"6408-14225",NA,"LOW",0,"20E",5.819,64.15,-142.4583,0,0,0,0,0,0,0,0,0,0,0,0,0,0,0,NA,NA,NA,917.9333,0.179551769,0,0,NA,NA,NA,NA,NA,NA,0,NA,NA,NA,NA,NA,NA,NA,NA,NA,"LOW",92.7747421191171,170.218057670341
"672",NA,836,"20E TAYLOR CORRIDOR",2017,"6410-14225",NA,"LOW",0,"20E",5.812,64.1833,-142.4583,0,0,0,0,0,0,0,0,0,0,0,0,0,0,0,NA,NA,NA,779.25,0.111896861,0,0,NA,NA,NA,NA,NA,NA,0,NA,NA,NA,NA,NA,NA,NA,NA,NA,"LOW",92.7789002627736,173.928951891638
"673",2,836,"20E TAYLOR CORRIDOR",2017,"6412-14225",NA,"LOW",1,"20E",5.805,64.2167,-142.4583,0,0,0,0,0,0,1,0,0,0,2,1,1,0,1,NA,NA,NA,959.2857,0.011290703,0,0,NA,NA,NA,NA,NA,NA,0,NA,NA,NA,NA,NA,NA,NA,NA,NA,"LOW",92.7830720873606,177.651007278178
"674",NA,836,"20E TAYLOR CORRIDOR",2017,"6416-14225",NA,"LOW",0,"20E",5.791,64.2833,-142.4583,0,0,0,0,0,0,0,0,0,0,0,0,0,0,0,NA,NA,NA,1148.125,0,0,0,NA,NA,NA,NA,NA,NA,0,NA,NA,NA,NA,NA,NA,NA,NA,NA,"LOW",92.7913943194196,185.072882065865
"675",NA,836,"20E TAYLOR CORRIDOR",2017,"6406-14220",NA,"LOW",0,"20E",5.826,64.1167,-142.375,0,0,0,0,0,0,0,0,0,0,0,0,0,0,0,NA,NA,NA,762.2,0.466602264,0,0,NA,NA,NA,NA,NA,NA,0,NA,NA,NA,NA,NA,NA,NA,NA,NA,"LOW",96.8281336682472,166.505289738593
"676",NA,836,"20E TAYLOR CORRIDOR",2017,"6404-14220",NA,"LOW",0,"20E",5.833,64.0833,-142.375,0,0,0,0,0,0,0,0,0,0,0,0,0,0,0,NA,NA,NA,688.1334,0.813915458,0,0,NA,NA,NA,NA,NA,NA,0,NA,NA,NA,NA,NA,NA,NA,NA,NA,"LOW",96.8288331797618,162.783284656989
"677",NA,836,"20E TAYLOR CORRIDOR",2017,"6402-14220",NA,"LOW",0,"20E",5.84,64.05,-142.375,0,0,0,0,0,0,0,0,0,0,0,0,0,0,0,NA,NA,NA,891.375,0.868290888,0,0,NA,NA,NA,NA,NA,NA,0,NA,NA,NA,NA,NA,NA,NA,NA,NA,"LOW",96.8295303964395,159.072440639843
"678",NA,836,"20E TAYLOR CORRIDOR",2017,"6348-14220",NA,"LOW",0,"20E",5.888,63.8167,-142.375,0,0,0,0,0,0,0,0,0,0,0,0,0,0,0,NA,NA,NA,642.6667,0.195246227,0.441404172,0,NA,NA,NA,NA,NA,NA,0,NA,NA,NA,NA,NA,NA,NA,NA,NA,"LOW",96.8344094663979,133.074731963959
"679",NA,836,"20E TAYLOR CORRIDOR",2017,"6340-14220",NA,"LOW",0,"20E",5.916,63.6833,-142.375,0,0,0,0,0,0,0,0,0,0,0,0,0,0,0,NA,NA,NA,816,0.154676908,0,0,NA,NA,NA,NA,NA,NA,0,NA,NA,NA,NA,NA,NA,NA,NA,NA,"LOW",96.8371948467914,118.209731124164
"680",NA,836,"20E TAYLOR CORRIDOR",2017,"6338-14220",NA,"LOW",0,"20E",5.924,63.65,-142.375,0,0,0,0,0,0,0,0,0,0,0,0,0,0,0,NA,NA,NA,788.1875,0.92358749,0,0,NA,NA,NA,NA,NA,NA,0,NA,NA,NA,NA,NA,NA,NA,NA,NA,"LOW",96.8378896403062,114.499096260929
"681",2,836,"20E TAYLOR CORRIDOR",2017,"6334-14220",NA,"HIGH",1,"20E",5.937,63.5833,-142.375,0,0,0,0,0,2,0,0,0,0,2,2,2,0,0,NA,NA,NA,881.8,1,0,0,NA,NA,NA,NA,NA,NA,0,NA,NA,NA,NA,NA,NA,NA,NA,NA,"HIGH",96.8392807022483,107.066736171954
"682",NA,836,"20E TAYLOR CORRIDOR",2017,"6332-14220",NA,"LOW",0,"20E",5.944,63.55,-142.375,0,0,0,0,0,0,0,0,0,0,0,0,0,0,0,NA,NA,NA,863.375,1,0,0,NA,NA,NA,NA,NA,NA,0,NA,NA,NA,NA,NA,NA,NA,NA,NA,"LOW",96.8399748846535,103.356153945605
"683",NA,836,"20E TAYLOR CORRIDOR",2017,"6330-14220",NA,"LOW",0,"20E",5.951,63.5167,-142.375,0,0,0,0,0,0,0,0,0,0,0,0,0,0,0,NA,NA,NA,783.8666,1,0,0,NA,NA,NA,NA,NA,NA,0,NA,NA,NA,NA,NA,NA,NA,NA,NA,"LOW",96.8406688630879,99.6455892780125
"684",NA,836,"20E TAYLOR CORRIDOR",2017,"6328-14220",NA,"LOW",0,"20E",5.958,63.4833,-142.375,0,0,0,0,0,0,0,0,0,0,0,0,0,0,0,NA,NA,NA,727.5333,1,0,0,NA,NA,NA,NA,NA,NA,0,NA,NA,NA,NA,NA,NA,NA,NA,NA,"LOW",96.8413647204143,95.9238994268803
"685",NA,836,"20E TAYLOR CORRIDOR",2017,"6326-14220",NA,"LOW",0,"20E",5.965,63.45,-142.375,0,0,0,0,0,0,0,0,0,0,0,0,0,0,0,NA,NA,NA,746.4375,1,0,0,NA,NA,NA,NA,NA,NA,0,NA,NA,NA,NA,NA,NA,NA,NA,NA,"LOW",96.8420582895867,92.2133699754793
"686",NA,836,"20E TAYLOR CORRIDOR",2017,"6318-14220",NA,"LOW",0,"20E",5.992,63.3167,-142.375,0,0,0,0,0,0,0,0,0,0,0,0,0,0,0,NA,NA,NA,751.0667,0.944678734,0,0,NA,NA,NA,NA,NA,NA,0,NA,NA,NA,NA,NA,NA,NA,NA,NA,"LOW",96.8448325971686,77.3602858749945
"687",NA,836,"20E TAYLOR CORRIDOR",2017,"6316-14220",NA,"LOW",0,"20E",5.999,63.2833,-142.375,0,0,0,0,0,0,0,0,0,0,0,0,0,0,0,NA,NA,NA,752.0625,0.962923418,0,0,NA,NA,NA,NA,NA,NA,0,NA,NA,NA,NA,NA,NA,NA,NA,NA,"LOW",96.8455272193836,73.6387022119695
"688",NA,836,"20E TAYLOR CORRIDOR",2017,"6412-14215",NA,"LOW",0,"20E",5.805,64.2167,-142.2917,0,0,0,0,0,0,0,0,0,0,0,0,0,0,0,NA,NA,NA,1128.4375,0,0,0,NA,NA,NA,NA,NA,NA,0,NA,NA,NA,NA,NA,NA,NA,NA,NA,"LOW",100.869003390826,177.652528443749
"689",2,836,"20E TAYLOR CORRIDOR",2017,"6408-14215",NA,"LOW",1,"20E",5.819,64.15,-142.2917,0,0,0,0,0,0,1,0,0,0,2,1,1,0,1,NA,NA,NA,784.8,0.179904033,0,0,NA,NA,NA,NA,NA,NA,0,NA,NA,NA,NA,NA,NA,NA,NA,NA,"LOW",100.880129219892,170.219581637523
"690",NA,836,"20E TAYLOR CORRIDOR",2017,"6404-14215",NA,"LOW",0,"20E",5.833,64.0833,-142.2917,0,0,0,0,0,0,0,0,0,0,0,0,0,0,0,NA,NA,NA,843.9333,0.911746918,0,0,NA,NA,NA,NA,NA,NA,0,NA,NA,NA,NA,NA,NA,NA,NA,NA,"LOW",100.891248671873,162.786704137364
"691",NA,836,"20E TAYLOR CORRIDOR",2017,"6356-14215",NA,"LOW",0,"20E",5.861,63.95,-142.2917,0,0,0,0,0,0,0,0,0,0,0,0,0,0,0,NA,NA,NA,722,0.991173884,0,0,NA,NA,NA,NA,NA,NA,0,NA,NA,NA,NA,NA,NA,NA,NA,NA,"LOW",100.913451737175,147.932301043421
"692",NA,836,"20E TAYLOR CORRIDOR",2017,"6354-14215",NA,"LOW",0,"20E",5.868,63.9167,-142.2917,0,0,0,0,0,0,0,0,0,0,0,0,0,0,0,NA,NA,NA,633.5625,1,0,0,NA,NA,NA,NA,NA,NA,0,NA,NA,NA,NA,NA,NA,NA,NA,NA,"LOW",100.918994339685,144.221529575539
"693",4,836,"20E TAYLOR CORRIDOR",2017,"6352-14215",NA,"LOW",1,"20E",5.875,63.8833,-142.2917,0,0,0,0,0,0,2,0,0,0,4,2,2,0,2,NA,NA,NA,647.6429,0.992357317,0,0,NA,NA,NA,NA,NA,NA,0,NA,NA,NA,NA,NA,NA,NA,NA,NA,"LOW",100.924551976734,140.499632112386
"694",NA,836,"20E TAYLOR CORRIDOR",2017,"6348-14215",NA,"LOW",0,"20E",5.888,63.8167,-142.2917,0,0,0,0,0,0,0,0,0,0,0,0,0,0,0,NA,NA,NA,755.4375,0.66644953,0.05503574,0,NA,NA,NA,NA,NA,NA,0,NA,NA,NA,NA,NA,NA,NA,NA,NA,"LOW",100.935629151166,133.078176264318
"695",NA,836,"20E TAYLOR CORRIDOR",2017,"6346-14215",NA,"LOW",0,"20E",5.895,63.7833,-142.2917,0,0,0,0,0,0,0,0,0,0,0,0,0,0,0,NA,NA,NA,859.3571,0.504751295,0.017282861,0,NA,NA,NA,NA,NA,NA,0,NA,NA,NA,NA,NA,NA,NA,NA,NA,"LOW",100.941181949558,129.356331256393
"696",NA,836,"20E TAYLOR CORRIDOR",2017,"6344-14215",NA,"LOW",0,"20E",5.902,63.75,-142.2917,0,0,0,0,0,0,0,0,0,0,0,0,0,0,0,NA,NA,NA,926.75,0.008926265,0,0,NA,NA,NA,NA,NA,NA,0,NA,NA,NA,NA,NA,NA,NA,NA,NA,"LOW",100.946716510177,125.645646969498
"697",NA,836,"20E TAYLOR CORRIDOR",2017,"6342-14215",NA,"LOW",0,"20E",5.909,63.7167,-142.2917,0,0,0,0,0,0,0,0,0,0,0,0,0,0,0,NA,NA,NA,936.5333,0.322455734,0,0,NA,NA,NA,NA,NA,NA,0,NA,NA,NA,NA,NA,NA,NA,NA,NA,"LOW",100.952249458706,121.93498014437
"698",NA,836,"20E TAYLOR CORRIDOR",2017,"6340-14215",NA,"LOW",0,"20E",5.916,63.6833,-142.2917,0,0,0,0,0,0,0,0,0,0,0,0,0,0,0,NA,NA,NA,950.8,0,0,0,NA,NA,NA,NA,NA,NA,0,NA,NA,NA,NA,NA,NA,NA,NA,NA,"LOW",100.957797401451,118.213187731639
"699",NA,836,"20E TAYLOR CORRIDOR",2017,"6334-14215",NA,"LOW",0,"20E",5.937,63.5833,-142.2917,0,0,0,0,0,0,0,0,0,0,0,0,0,0,0,NA,NA,NA,860,0.999744856,0,0,NA,NA,NA,NA,NA,NA,0,NA,NA,NA,NA,NA,NA,NA,NA,NA,"LOW",100.974398281582,107.070201955868
"700",NA,836,"20E TAYLOR CORRIDOR",2017,"6332-14215",NA,"LOW",0,"20E",5.944,63.55,-142.2917,0,0,0,0,0,0,0,0,0,0,0,0,0,0,0,NA,NA,NA,822.5,1,0,0,NA,NA,NA,NA,NA,NA,0,NA,NA,NA,NA,NA,NA,NA,NA,NA,"LOW",100.979923131776,103.359622775876
"701",NA,836,"20E TAYLOR CORRIDOR",2017,"6330-14215",NA,"LOW",0,"20E",5.951,63.5167,-142.2917,0,0,0,0,0,0,0,0,0,0,0,0,0,0,0,NA,NA,NA,767.0667,1,0,0,NA,NA,NA,NA,NA,NA,0,NA,NA,NA,NA,NA,NA,NA,NA,NA,"LOW",100.985446358618,99.649061149939
"702",2,836,"20E TAYLOR CORRIDOR",2017,"6328-14215",NA,"LOW",1,"20E",5.958,63.4833,-142.2917,0,0,0,1,0,1,0,0,0,0,2,2,1,1,0,NA,NA,NA,723.6,0.996723641,0,0,NA,NA,NA,NA,NA,NA,0,NA,NA,NA,NA,NA,NA,NA,NA,NA,"LOW",100.990984539169,95.9273743448704
"703",NA,836,"20E TAYLOR CORRIDOR",2017,"6326-14215",NA,"LOW",0,"20E",5.965,63.45,-142.2917,0,0,0,0,0,0,0,0,0,0,0,0,0,0,0,NA,NA,NA,822.647,0.594710225,0,0,NA,NA,NA,NA,NA,NA,0,NA,NA,NA,NA,NA,NA,NA,NA,NA,"LOW",100.996504508794,92.2168479256965
"704",NA,836,"20E TAYLOR CORRIDOR",2017,"6320-14215",NA,"LOW",0,"20E",5.986,63.35,-142.2917,0,0,0,0,0,0,0,0,0,0,0,0,0,0,0,NA,NA,NA,888.9375,0.998509941,0,0,NA,NA,NA,NA,NA,NA,0,NA,NA,NA,NA,NA,NA,NA,NA,NA,"LOW",101.013071195655,81.0742317915009
"705",NA,836,"20E TAYLOR CORRIDOR",2017,"6318-14215",NA,"LOW",0,"20E",5.992,63.3167,-142.2917,0,0,0,0,0,0,0,0,0,0,0,0,0,0,0,NA,NA,NA,747.9333,0.93795254,0,0,NA,NA,NA,NA,NA,NA,0,NA,NA,NA,NA,NA,NA,NA,NA,NA,"LOW",101.018584633234,77.363775915985
"706",NA,836,"20E TAYLOR CORRIDOR",2017,"6316-14215",NA,"LOW",0,"20E",5.999,63.2833,-142.2917,0,0,0,0,0,0,0,0,0,0,0,0,0,0,0,NA,NA,NA,721.1334,0.46495902,0,0,NA,NA,NA,NA,NA,NA,0,NA,NA,NA,NA,NA,NA,NA,NA,NA,"LOW",101.024112983838,73.6421952705924
"707",NA,836,"20E TAYLOR CORRIDOR",2017,"6414-14210",NA,"LOW",0,"20E",5.8,64.25,-142.2083,0,0,0,0,0,0,0,0,0,0,0,0,0,0,0,NA,NA,NA,1287.6,0,0,0,NA,NA,NA,NA,NA,NA,0,NA,NA,NA,NA,NA,NA,NA,NA,NA,"LOW",104.906394544258,181.372161099736
"708",0,836,"20E TAYLOR CORRIDOR",2017,"6412-14210",NA,"LOW",1,"20E",5.805,64.2167,-142.2083,0,0,0,0,0,0,0,0,0,0,0,0,0,0,0,NA,NA,NA,1155.5333,0,0,0,NA,NA,NA,NA,NA,NA,0,NA,NA,NA,NA,NA,NA,NA,NA,NA,"LOW",104.916816074693,177.661241751968
"709",NA,836,"20E TAYLOR CORRIDOR",2017,"6410-14210",NA,"LOW",0,"20E",5.812,64.1833,-142.2083,0,0,0,0,0,0,0,0,0,0,0,0,0,0,0,NA,NA,NA,959.9333,0,0,0,NA,NA,NA,NA,NA,NA,0,NA,NA,NA,NA,NA,NA,NA,NA,NA,"LOW",104.927265913775,173.939195811221
"710",NA,836,"20E TAYLOR CORRIDOR",2017,"6408-14210",NA,"LOW",0,"20E",5.819,64.15,-142.2083,0,0,0,0,0,0,0,0,0,0,0,0,0,0,0,NA,NA,NA,853.7333,0,0,0,NA,NA,NA,NA,NA,NA,0,NA,NA,NA,NA,NA,NA,NA,NA,NA,"LOW",104.937681484073,170.228310993531
"711",NA,836,"20E TAYLOR CORRIDOR",2017,"6404-14210",NA,"LOW",0,"20E",5.833,64.0833,-142.2083,0,0,0,0,0,0,0,0,0,0,0,0,0,0,0,NA,NA,NA,857.3333,1,0,0,NA,NA,NA,NA,NA,NA,0,NA,NA,NA,NA,NA,NA,NA,NA,NA,"LOW",104.958534933983,162.79544949369
"712",NA,836,"20E TAYLOR CORRIDOR",2017,"6356-14210",NA,"LOW",0,"20E",5.861,63.95,-142.2083,0,0,0,0,0,0,0,0,0,0,0,0,0,0,0,NA,NA,NA,645.9286,1,0,0,NA,NA,NA,NA,NA,NA,0,NA,NA,NA,NA,NA,NA,NA,NA,NA,"LOW",105.000174622286,147.941078233822
"713",NA,836,"20E TAYLOR CORRIDOR",2017,"6354-14210",NA,"LOW",0,"20E",5.868,63.9167,-142.2083,0,0,0,0,0,0,0,0,0,0,0,0,0,0,0,NA,NA,NA,606.25,1,0,0,NA,NA,NA,NA,NA,NA,0,NA,NA,NA,NA,NA,NA,NA,NA,NA,"LOW",105.010569234004,144.230314688757
"714",NA,836,"20E TAYLOR CORRIDOR",2017,"6352-14210",NA,"LOW",0,"20E",5.875,63.8833,-142.2083,0,0,0,0,0,0,0,0,0,0,0,0,0,0,0,NA,NA,NA,614.3333,1,0,0,NA,NA,NA,NA,NA,NA,0,NA,NA,NA,NA,NA,NA,NA,NA,NA,"LOW",105.020992041571,140.508425160252
"715",NA,836,"20E TAYLOR CORRIDOR",2017,"6348-14210",NA,"LOW",0,"20E",5.888,63.8167,-142.2083,0,0,0,0,0,0,0,0,0,0,0,0,0,0,0,NA,NA,NA,800.875,0.883100136,0.101925301,0,NA,NA,NA,NA,NA,NA,0,NA,NA,NA,NA,NA,NA,NA,NA,NA,"LOW",105.041766204586,133.086985098167
"716",NA,836,"20E TAYLOR CORRIDOR",2017,"6346-14210",NA,"LOW",0,"20E",5.895,63.7833,-142.2083,0,0,0,0,0,0,0,0,0,0,0,0,0,0,0,NA,NA,NA,809,0.050632749,0.446057979,0,NA,NA,NA,NA,NA,NA,0,NA,NA,NA,NA,NA,NA,NA,NA,NA,"LOW",105.052179937822,129.365147988962
"717",NA,836,"20E TAYLOR CORRIDOR",2017,"6344-14210",NA,"LOW",0,"20E",5.902,63.75,-142.2083,0,0,0,0,0,0,0,0,0,0,0,0,0,0,0,NA,NA,NA,960.5333,0,0,0,NA,NA,NA,NA,NA,NA,0,NA,NA,NA,NA,NA,NA,NA,NA,NA,"LOW",105.062559467922,125.65447156517
"718",NA,836,"20E TAYLOR CORRIDOR",2017,"6332-14210",NA,"LOW",0,"20E",5.944,63.55,-142.2083,0,0,0,0,0,0,0,0,0,0,0,0,0,0,0,NA,NA,NA,891.2,0.593138427,0,0,NA,NA,NA,NA,NA,NA,0,NA,NA,NA,NA,NA,NA,NA,NA,NA,"LOW",105.124835257464,103.368494345387
"719",NA,836,"20E TAYLOR CORRIDOR",2017,"6330-14210",NA,"LOW",0,"20E",5.951,63.5167,-142.2083,0,0,0,0,0,0,0,0,0,0,0,0,0,0,0,NA,NA,NA,732.2,0.550138229,0,0,NA,NA,NA,NA,NA,NA,0,NA,NA,NA,NA,NA,NA,NA,NA,NA,"LOW",105.135193532401,99.6579404985383
"720",NA,836,"20E TAYLOR CORRIDOR",2017,"6328-14210",NA,"LOW",0,"20E",5.958,63.4833,-142.2083,0,0,0,0,0,0,0,0,0,0,0,0,0,0,0,NA,NA,NA,749.6875,0.125272139,0,0,NA,NA,NA,NA,NA,NA,0,NA,NA,NA,NA,NA,NA,NA,NA,NA,"LOW",105.145579851601,95.9362614838295
"721",NA,836,"20E TAYLOR CORRIDOR",2017,"6326-14210",NA,"LOW",0,"20E",5.965,63.45,-142.2083,0,0,0,0,0,0,0,0,0,0,0,0,0,0,0,NA,NA,NA,861,0,0,0,NA,NA,NA,NA,NA,NA,0,NA,NA,NA,NA,NA,NA,NA,NA,NA,"LOW",105.155932018014,92.2257428196277
"722",NA,836,"20E TAYLOR CORRIDOR",2017,"6320-14210",NA,"LOW",0,"20E",5.986,63.35,-142.2083,0,0,0,0,0,0,0,0,0,0,0,0,0,0,0,NA,NA,NA,820.5625,0.791868335,0.081980361,0,NA,NA,NA,NA,NA,NA,0,NA,NA,NA,NA,NA,NA,NA,NA,NA,"LOW",105.187001228906,81.0831499011386
"723",NA,836,"20E TAYLOR CORRIDOR",2017,"6318-14210",NA,"LOW",0,"20E",5.992,63.3167,-142.2083,0,0,0,0,0,0,0,0,0,0,0,0,0,0,0,NA,NA,NA,784.8,0.896527069,0,0,NA,NA,NA,NA,NA,NA,0,NA,NA,NA,NA,NA,NA,NA,NA,NA,"LOW",105.197341145235,77.3727017322769
"724",2,836,"20E TAYLOR CORRIDOR",2017,"6316-14210",NA,"LOW",1,"20E",5.999,63.2833,-142.2083,0,0,0,0,0,0,1,0,0,0,2,1,1,0,1,NA,NA,NA,700.3125,0.8642373,0,0,NA,NA,NA,NA,NA,NA,0,NA,NA,NA,NA,NA,NA,NA,NA,NA,"LOW",105.207709029526,73.6511288045291
"725",NA,836,"20E TAYLOR CORRIDOR",2017,"6410-14205",NA,"LOW",0,"20E",5.812,64.1833,-142.125,0,0,0,0,0,0,0,0,0,0,0,0,0,0,0,NA,NA,NA,925.1875,0,0,0,NA,NA,NA,NA,NA,NA,0,NA,NA,NA,NA,NA,NA,NA,NA,NA,"LOW",108.975085653719,173.953207505613
"726",NA,836,"20E TAYLOR CORRIDOR",2017,"6408-14205",NA,"LOW",0,"20E",5.819,64.15,-142.125,0,0,0,0,0,0,0,0,0,0,0,0,0,0,0,NA,NA,NA,841.3333,0,0,0,NA,NA,NA,NA,NA,NA,0,NA,NA,NA,NA,NA,NA,NA,NA,NA,"LOW",108.9903571898,170.242335550293
"727",NA,836,"20E TAYLOR CORRIDOR",2017,"6406-14205",NA,"LOW",0,"20E",5.826,64.1167,-142.125,0,0,0,0,0,0,0,0,0,0,0,0,0,0,0,NA,NA,NA,609.2143,0.325756157,0,0,NA,NA,NA,NA,NA,NA,0,NA,NA,NA,NA,NA,NA,NA,NA,NA,"LOW",109.005624355285,166.531480838741
"728",NA,836,"20E TAYLOR CORRIDOR",2017,"6404-14205",NA,"LOW",0,"20E",5.833,64.0833,-142.125,0,0,0,0,0,0,0,0,0,0,0,0,0,0,0,NA,NA,NA,669,0.999256924,0,0,NA,NA,NA,NA,NA,NA,0,NA,NA,NA,NA,NA,NA,NA,NA,NA,"LOW",109.020932972601,162.809499756637
"729",NA,836,"20E TAYLOR CORRIDOR",2017,"6400-14205",NA,"LOW",0,"20E",5.847,64.0167,-142.125,0,0,0,0,0,0,0,0,0,0,0,0,0,0,0,NA,NA,NA,730.2857,1,0,0,NA,NA,NA,NA,NA,NA,0,NA,NA,NA,NA,NA,NA,NA,NA,NA,"LOW",109.051445377621,155.38787679726
"730",NA,836,"20E TAYLOR CORRIDOR",2017,"6358-14205",NA,"LOW",0,"20E",5.854,63.9833,-142.125,0,0,0,0,0,0,0,0,0,0,0,0,0,0,0,NA,NA,NA,696.8125,1,0,0,NA,NA,NA,NA,NA,NA,0,NA,NA,NA,NA,NA,NA,NA,NA,NA,"LOW",109.066740783758,151.665947795373
"731",1,836,"20E TAYLOR CORRIDOR",2017,"6356-14205",NA,"LOW",1,"20E",5.861,63.95,-142.125,0,0,0,0,0,1,0,0,0,0,1,1,1,0,0,NA,NA,NA,617.5333,0.974162084,0.025837916,0,NA,NA,NA,NA,NA,NA,0,NA,NA,NA,NA,NA,NA,NA,NA,NA,"LOW",109.081985992152,147.955179641531
"732",NA,836,"20E TAYLOR CORRIDOR",2017,"6354-14205",NA,"LOW",0,"20E",5.868,63.9167,-142.125,0,0,0,0,0,0,0,0,0,0,0,0,0,0,0,NA,NA,NA,622.8,0.567435463,0.432564537,0,NA,NA,NA,NA,NA,NA,0,NA,NA,NA,NA,NA,NA,NA,NA,NA,"LOW",109.097226798854,144.244428825298
"733",NA,836,"20E TAYLOR CORRIDOR",2017,"6352-14205",NA,"LOW",0,"20E",5.875,63.8833,-142.125,0,0,0,0,0,0,0,0,0,0,0,0,0,0,0,NA,NA,NA,640.6875,1,0,0,NA,NA,NA,NA,NA,NA,0,NA,NA,NA,NA,NA,NA,NA,NA,NA,"LOW",109.112508947006,140.522552044633
"734",NA,836,"20E TAYLOR CORRIDOR",2017,"6346-14205",NA,"LOW",0,"20E",5.895,63.7833,-142.125,0,0,0,0,0,0,0,0,0,0,0,0,0,0,0,NA,NA,NA,857.5,0,0.931308216,0,NA,NA,NA,NA,NA,NA,0,NA,NA,NA,NA,NA,NA,NA,NA,NA,"LOW",109.158237322293,129.379312925293
"735",NA,836,"20E TAYLOR CORRIDOR",2017,"6344-14205",NA,"LOW",0,"20E",5.902,63.75,-142.125,0,0,0,0,0,0,0,0,0,0,0,0,0,0,0,NA,NA,NA,841.6667,0,0.009496429,0,NA,NA,NA,NA,NA,NA,0,NA,NA,NA,NA,NA,NA,NA,NA,NA,"LOW",109.173456016393,125.668649134399
"736",NA,836,"20E TAYLOR CORRIDOR",2017,"6342-14205",NA,"LOW",0,"20E",5.909,63.7167,-142.125,0,0,0,0,0,0,0,0,0,0,0,0,0,0,0,NA,NA,NA,833.8,0,0,0,NA,NA,NA,NA,NA,NA,0,NA,NA,NA,NA,NA,NA,NA,NA,NA,"LOW",109.188670277766,121.958002774096
"737",0,836,"20E TAYLOR CORRIDOR",2017,"6336-14205",NA,"LOW",1,"20E",5.93,63.6167,-142.125,0,0,0,0,0,0,0,0,0,0,0,0,0,0,0,NA,NA,NA,776.1875,0,0,0,NA,NA,NA,NA,NA,NA,0,NA,NA,NA,NA,NA,NA,NA,NA,NA,"LOW",109.234332055668,110.815025532095
"738",NA,836,"20E TAYLOR CORRIDOR",2017,"6334-14205",NA,"HIGH",0,"20E",5.937,63.5833,-142.125,0,0,0,0,0,0,0,0,0,0,0,0,0,0,0,NA,NA,NA,851.125,0.071172146,0,0,NA,NA,NA,NA,NA,NA,0,NA,NA,NA,NA,NA,NA,NA,NA,NA,"HIGH",109.24957414948,107.093306254654
"739",NA,836,"20E TAYLOR CORRIDOR",2017,"6332-14205",NA,"LOW",0,"20E",5.944,63.55,-142.125,0,0,0,0,0,0,0,0,0,0,0,0,0,0,0,NA,NA,NA,846.2667,0,0,0,NA,NA,NA,NA,NA,NA,0,NA,NA,NA,NA,NA,NA,NA,NA,NA,"LOW",109.264766143045,103.382747383009
"740",NA,836,"20E TAYLOR CORRIDOR",2017,"6330-14205",NA,"LOW",0,"20E",5.951,63.5167,-142.125,0,0,0,0,0,0,0,0,0,0,0,0,0,0,0,NA,NA,NA,711.625,0,0,0,NA,NA,NA,NA,NA,NA,0,NA,NA,NA,NA,NA,NA,NA,NA,NA,"LOW",109.279953672911,99.6722060340783
"741",0,836,"20E TAYLOR CORRIDOR",2017,"6328-14205",NA,"LOW",1,"20E",5.958,63.4833,-142.125,0,0,0,0,0,0,0,0,0,0,0,0,0,0,0,NA,NA,NA,745.3125,0,0,0,NA,NA,NA,NA,NA,NA,0,NA,NA,NA,NA,NA,NA,NA,NA,NA,"LOW",109.295182321969,95.9505395353986
"742",NA,836,"20E TAYLOR CORRIDOR",2017,"6326-14205",NA,"LOW",0,"20E",5.965,63.45,-142.125,0,0,0,0,0,0,0,0,0,0,0,0,0,0,0,NA,NA,NA,845.9333,0,0,0,NA,NA,NA,NA,NA,NA,0,NA,NA,NA,NA,NA,NA,NA,NA,NA,"LOW",109.310360895542,92.2400333303744
"743",NA,836,"20E TAYLOR CORRIDOR",2017,"6318-14205",NA,"LOW",0,"20E",5.992,63.3167,-142.125,0,0,0,0,0,0,0,0,0,0,0,0,0,0,0,NA,NA,NA,716.8,0.112369308,0.549005967,0,NA,NA,NA,NA,NA,NA,0,NA,NA,NA,NA,NA,NA,NA,NA,NA,"LOW",109.371075867389,77.3870419230405
"744",2,836,"20E TAYLOR CORRIDOR",2017,"6316-14205",NA,"LOW",1,"20E",5.999,63.2833,-142.125,0,0,0,0,0,0,1,0,0,0,2,1,1,0,1,NA,NA,NA,776.5,0.390001129,0.456932684,0,NA,NA,NA,NA,NA,NA,0,NA,NA,NA,NA,NA,NA,NA,NA,NA,"LOW",109.386277487257,73.6654813945014
"745",NA,836,"20E TAYLOR CORRIDOR",2017,"6406-14200",NA,"LOW",0,"20E",5.826,64.1167,-142.0417,0,0,0,0,0,0,0,0,0,0,0,0,0,0,0,NA,NA,NA,757.7857,0.25068811,0,0,NA,NA,NA,NA,NA,NA,0,NA,NA,NA,NA,NA,NA,NA,NA,NA,"LOW",113.063137951422,166.550825583962
"746",0,836,"20E TAYLOR CORRIDOR",2017,"6404-14200",NA,"LOW",1,"20E",5.833,64.0833,-142.0417,0,0,0,0,0,0,0,0,0,0,0,0,0,0,0,NA,NA,NA,627.3333,0.711825475,0,0,NA,NA,NA,NA,NA,NA,0,NA,NA,NA,NA,NA,NA,NA,NA,NA,"LOW",113.083314330288,162.828862228048
"747",2,836,"20E TAYLOR CORRIDOR",2017,"6402-14200",NA,"HIGH",1,"20E",5.84,64.05,-142.0417,0,0,0,0,0,0,1,0,0,0,2,1,1,0,1,NA,NA,NA,626.75,0.976447347,0,0,NA,NA,NA,NA,NA,NA,0,NA,NA,NA,NA,NA,NA,NA,NA,NA,"HIGH",113.103424518299,159.118059749796
"748",NA,836,"20E TAYLOR CORRIDOR",2017,"6358-14200",NA,"LOW",0,"20E",5.854,63.9833,-142.0417,0,0,0,0,0,0,0,0,0,0,0,0,0,0,0,NA,NA,NA,594.1334,1,0,0,NA,NA,NA,NA,NA,NA,0,NA,NA,NA,NA,NA,NA,NA,NA,NA,"LOW",113.143687892901,151.68536318126
"749",0,836,"20E TAYLOR CORRIDOR",2017,"6356-14200",NA,"LOW",1,"20E",5.861,63.95,-142.0417,0,0,0,0,0,0,0,0,0,0,0,0,0,0,0,NA,NA,NA,589.5625,0.521967955,0.478032045,0,NA,NA,NA,NA,NA,NA,0,NA,NA,NA,NA,NA,NA,NA,NA,NA,"LOW",113.163780700945,147.974612595301
"750",NA,836,"20E TAYLOR CORRIDOR",2017,"6354-14200",NA,"LOW",0,"20E",5.868,63.9167,-142.0417,0,0,0,0,0,0,0,0,0,0,0,0,0,0,0,NA,NA,NA,618.8571,0.022030026,0.977969974,0,NA,NA,NA,NA,NA,NA,0,NA,NA,NA,NA,NA,NA,NA,NA,NA,"LOW",113.183867707812,144.263879320613
"751",NA,836,"20E TAYLOR CORRIDOR",2017,"6352-14200",NA,"LOW",0,"20E",5.875,63.8833,-142.0417,0,0,0,0,0,0,0,0,0,0,0,0,0,0,0,NA,NA,NA,622.5333,0.559315392,0.440684608,0,NA,NA,NA,NA,NA,NA,0,NA,NA,NA,NA,NA,NA,NA,NA,NA,"LOW",113.204009201832,140.54202010769
"752",NA,836,"20E TAYLOR CORRIDOR",2017,"6346-14200",NA,"LOW",0,"20E",5.895,63.7833,-142.0417,0,0,0,0,0,0,0,0,0,0,0,0,0,0,0,NA,NA,NA,749.1429,0,1,0,NA,NA,NA,NA,NA,NA,0,NA,NA,NA,NA,NA,NA,NA,NA,NA,"LOW",113.264278072501,129.398833427575
"753",0,836,"20E TAYLOR CORRIDOR",2017,"6344-14200",NA,"LOW",1,"20E",5.902,63.75,-142.0417,0,0,0,0,0,0,0,0,0,0,0,0,0,0,0,NA,NA,NA,726.2941,0.09576558,0.380175008,0,NA,NA,NA,NA,NA,NA,0,NA,NA,NA,NA,NA,NA,NA,NA,NA,"LOW",113.284335936217,125.688187046022
"754",NA,836,"20E TAYLOR CORRIDOR",2017,"6342-14200",NA,"LOW",0,"20E",5.909,63.7167,-142.0417,0,0,0,0,0,0,0,0,0,0,0,0,0,0,0,NA,NA,NA,706.9333,0.544001203,0,0,NA,NA,NA,NA,NA,NA,0,NA,NA,NA,NA,NA,NA,NA,NA,NA,"LOW",113.304387957853,121.977558068581
"755",NA,836,"20E TAYLOR CORRIDOR",2017,"6340-14200",NA,"LOW",0,"20E",5.916,63.6833,-142.0417,0,0,0,0,0,0,0,0,0,0,0,0,0,0,0,NA,NA,NA,677.3571,0.584169783,0,0,NA,NA,NA,NA,NA,NA,0,NA,NA,NA,NA,NA,NA,NA,NA,NA,"LOW",113.324494320508,118.255803559227
"756",NA,836,"20E TAYLOR CORRIDOR",2017,"6338-14200",NA,"LOW",0,"20E",5.924,63.65,-142.0417,0,0,0,0,0,0,0,0,0,0,0,0,0,0,0,NA,NA,NA,684.1765,0.114450075,0,0,NA,NA,NA,NA,NA,NA,0,NA,NA,NA,NA,NA,NA,NA,NA,NA,"LOW",113.344534619983,114.545209488492
"757",NA,836,"20E TAYLOR CORRIDOR",2017,"6336-14200",NA,"LOW",0,"20E",5.93,63.6167,-142.0417,0,0,0,0,0,0,0,0,0,0,0,0,0,0,0,NA,NA,NA,696.4667,0.196303251,0,0,NA,NA,NA,NA,NA,NA,0,NA,NA,NA,NA,NA,NA,NA,NA,NA,"LOW",113.364569056957,110.834632867971
"758",NA,836,"20E TAYLOR CORRIDOR",2017,"6334-14200",NA,"LOW",0,"20E",5.937,63.5833,-142.0417,0,0,0,0,0,0,0,0,0,0,0,0,0,0,0,NA,NA,NA,703.9286,0.939704381,0,0,NA,NA,NA,NA,NA,NA,0,NA,NA,NA,NA,NA,NA,NA,NA,NA,"LOW",113.384657761637,107.112930918999
"759",1,836,"20E TAYLOR CORRIDOR",2017,"6332-14200",NA,"LOW",1,"20E",5.944,63.55,-142.0417,0,0,0,0,0,1,0,0,0,0,1,1,1,0,0,NA,NA,NA,722.8235,0.350661151,0,0,NA,NA,NA,NA,NA,NA,0,NA,NA,NA,NA,NA,NA,NA,NA,NA,"LOW",113.404680435567,103.402389297307
"760",0,836,"20E TAYLOR CORRIDOR",2017,"6330-14200",NA,"LOW",1,"20E",5.951,63.5167,-142.0417,0,0,0,0,0,0,0,0,0,0,0,0,0,0,0,NA,NA,NA,702.1429,0,0,0,NA,NA,NA,NA,NA,NA,0,NA,NA,NA,NA,NA,NA,NA,NA,NA,"LOW",113.424697226595,99.6918651717063
"761",NA,836,"20E TAYLOR CORRIDOR",2017,"6328-14200",NA,"LOW",0,"20E",5.958,63.4833,-142.0417,0,0,0,0,0,0,0,0,0,0,0,0,0,0,0,NA,NA,NA,828.2,0,0,0,NA,NA,NA,NA,NA,NA,0,NA,NA,NA,NA,NA,NA,NA,NA,NA,"LOW",113.444768211852,95.9702159213163
"762",NA,836,"20E TAYLOR CORRIDOR",2017,"6322-14200",NA,"LOW",0,"20E",5.978,63.3833,-142.0417,0,0,0,0,0,0,0,0,0,0,0,0,0,0,0,NA,NA,NA,744.2667,0,0.017692263,0,NA,NA,NA,NA,NA,NA,0,NA,NA,NA,NA,NA,NA,NA,NA,NA,"LOW",113.504825487302,84.8276589786448
"763",NA,836,"20E TAYLOR CORRIDOR",2017,"6320-14200",NA,"LOW",0,"20E",5.986,63.35,-142.0417,0,0,0,0,0,0,0,0,0,0,0,0,0,0,0,NA,NA,NA,679.4706,0,0.831243789,0,NA,NA,NA,NA,NA,NA,0,NA,NA,NA,NA,NA,NA,NA,NA,NA,"LOW",113.524812726474,81.1172226670869
"764",NA,836,"20E TAYLOR CORRIDOR",2017,"6318-14200",NA,"LOW",0,"20E",5.992,63.3167,-142.0417,0,0,0,0,0,0,0,0,0,0,0,0,0,0,0,NA,NA,NA,717.4667,0,0.853196021,0,NA,NA,NA,NA,NA,NA,0,NA,NA,NA,NA,NA,NA,NA,NA,NA,"LOW",113.544794042003,77.4068039427381
"765",NA,836,"20E TAYLOR CORRIDOR",2017,"6316-14200",NA,"LOW",0,"20E",5.999,63.2833,-142.0417,0,0,0,0,0,0,0,0,0,0,0,0,0,0,0,NA,NA,NA,816.3333,0,0.223692816,0,NA,NA,NA,NA,NA,NA,0,NA,NA,NA,NA,NA,NA,NA,NA,NA,"LOW",113.564829404318,73.6852605014993
"766",NA,836,"20E TAYLOR CORRIDOR",2017,"6406-14155",NA,"LOW",0,"20E",5.826,64.1167,-141.9583,0,0,0,0,0,0,0,0,0,0,0,0,0,0,0,NA,NA,NA,803.5,0,0,0,NA,NA,NA,NA,NA,NA,0,NA,NA,NA,NA,NA,NA,NA,NA,NA,"LOW",117.125500479025,166.575510464096
"767",NA,836,"20E TAYLOR CORRIDOR",2017,"6404-14155",NA,"LOW",0,"20E",5.833,64.0833,-141.9583,0,0,0,0,0,0,0,0,0,0,0,0,0,0,0,NA,NA,NA,612.2,0.035659218,0,0,NA,NA,NA,NA,NA,NA,0,NA,NA,NA,NA,NA,NA,NA,NA,NA,"LOW",117.150550469371,162.853569727902
"768",NA,836,"20E TAYLOR CORRIDOR",2017,"6402-14155",NA,"LOW",0,"20E",5.84,64.05,-141.9583,0,0,0,0,0,0,0,0,0,0,0,0,0,0,0,NA,NA,NA,532.2,0.717472875,0,0,NA,NA,NA,NA,NA,NA,0,NA,NA,NA,NA,NA,NA,NA,NA,NA,"LOW",117.175518280665,159.142789768112
"769",NA,836,"20E TAYLOR CORRIDOR",2017,"6358-14155",NA,"LOW",0,"20E",5.854,63.9833,-141.9583,0,0,0,0,0,0,0,0,0,0,0,0,0,0,0,NA,NA,NA,604.1334,0.933691103,0.066308897,0,NA,NA,NA,NA,NA,NA,0,NA,NA,NA,NA,NA,NA,NA,NA,NA,"LOW",117.225507288831,151.710138203283
"770",NA,836,"20E TAYLOR CORRIDOR",2017,"6356-14155",NA,"LOW",0,"20E",5.861,63.95,-141.9583,0,0,0,0,0,0,0,0,0,0,0,0,0,0,0,NA,NA,NA,663.6,0.327113477,0.672886523,0,NA,NA,NA,NA,NA,NA,0,NA,NA,NA,NA,NA,NA,NA,NA,NA,"LOW",117.250453522698,147.999410035038
"771",NA,836,"20E TAYLOR CORRIDOR",2017,"6354-14155",NA,"LOW",0,"20E",5.868,63.9167,-141.9583,0,0,0,0,0,0,0,0,0,0,0,0,0,0,0,NA,NA,NA,700.5,0.001244117,0.998755883,0,NA,NA,NA,NA,NA,NA,0,NA,NA,NA,NA,NA,NA,NA,NA,NA,"LOW",117.275392554335,144.288699144457
"772",NA,836,"20E TAYLOR CORRIDOR",2017,"6352-14155",NA,"LOW",0,"20E",5.875,63.8833,-141.9583,0,0,0,0,0,0,0,0,0,0,0,0,0,0,0,NA,NA,NA,712,0,1,0,NA,NA,NA,NA,NA,NA,0,NA,NA,NA,NA,NA,NA,NA,NA,NA,"LOW",117.300399234747,140.56686234907
"773",NA,836,"20E TAYLOR CORRIDOR",2017,"6348-14155",NA,"LOW",0,"20E",5.888,63.8167,-141.9583,0,0,0,0,0,0,0,0,0,0,0,0,0,0,0,NA,NA,NA,689.7333,0,1,0,NA,NA,NA,NA,NA,NA,0,NA,NA,NA,NA,NA,NA,NA,NA,NA,"LOW",117.350241167322,133.145527199543
"774",NA,836,"20E TAYLOR CORRIDOR",2017,"6346-14155",NA,"LOW",0,"20E",5.895,63.7833,-141.9583,0,0,0,0,0,0,0,0,0,0,0,0,0,0,0,NA,NA,NA,725.6667,0,1,0,NA,NA,NA,NA,NA,NA,0,NA,NA,NA,NA,NA,NA,NA,NA,NA,"LOW",117.375226077954,129.423742584687
"775",NA,836,"20E TAYLOR CORRIDOR",2017,"6344-14155",NA,"LOW",0,"20E",5.902,63.75,-141.9583,0,0,0,0,0,0,0,0,0,0,0,0,0,0,0,NA,NA,NA,657.8666,0,0.437633161,0,NA,NA,NA,NA,NA,NA,0,NA,NA,NA,NA,NA,NA,NA,NA,NA,"LOW",117.400128928034,125.713118418543
"776",NA,836,"20E TAYLOR CORRIDOR",2017,"6342-14155",NA,"LOW",0,"20E",5.909,63.7167,-141.9583,0,0,0,0,0,0,0,0,0,0,0,0,0,0,0,NA,NA,NA,700.125,0.222839626,0,0,NA,NA,NA,NA,NA,NA,0,NA,NA,NA,NA,NA,NA,NA,NA,NA,"LOW",117.425024525102,122.00251162272
"777",NA,836,"20E TAYLOR CORRIDOR",2017,"6340-14155",NA,"LOW",0,"20E",5.916,63.6833,-141.9583,0,0,0,0,0,0,0,0,0,0,0,0,0,0,0,NA,NA,NA,658.6,0.880766599,0,0,NA,NA,NA,NA,NA,NA,0,NA,NA,NA,NA,NA,NA,NA,NA,NA,"LOW",117.449987589515,118.280779327626
"778",0,836,"20E TAYLOR CORRIDOR",2017,"6338-14155",NA,"LOW",1,"20E",5.924,63.65,-141.9583,0,0,0,0,0,0,0,0,0,0,0,0,0,0,0,NA,NA,NA,616.0667,0.698060377,0,0,NA,NA,NA,NA,NA,NA,0,NA,NA,NA,NA,NA,NA,NA,NA,NA,"LOW",117.474868633383,114.570207370743
"779",NA,836,"20E TAYLOR CORRIDOR",2017,"6336-14155",NA,"LOW",0,"20E",5.93,63.6167,-141.9583,0,0,0,0,0,0,0,0,0,0,0,0,0,0,0,NA,NA,NA,629.125,0.471922091,0,0,NA,NA,NA,NA,NA,NA,0,NA,NA,NA,NA,NA,NA,NA,NA,NA,"LOW",117.499742398886,110.859652830196
"780",NA,836,"20E TAYLOR CORRIDOR",2017,"6334-14155",NA,"LOW",0,"20E",5.937,63.5833,-141.9583,0,0,0,0,0,0,0,0,0,0,0,0,0,0,0,NA,NA,NA,644.2,0.819887492,0,0,NA,NA,NA,NA,NA,NA,0,NA,NA,NA,NA,NA,NA,NA,NA,NA,"LOW",117.524683540716,107.137972993441
"781",NA,836,"20E TAYLOR CORRIDOR",2017,"6332-14155",NA,"LOW",0,"20E",5.944,63.55,-141.9583,0,0,0,0,0,0,0,0,0,0,0,0,0,0,0,NA,NA,NA,682.9333,0.199249624,0,0,NA,NA,NA,NA,NA,NA,0,NA,NA,NA,NA,NA,NA,NA,NA,NA,"LOW",117.549542702261,103.427453383772
"782",NA,836,"20E TAYLOR CORRIDOR",2017,"6406-14150",NA,"LOW",0,"20E",5.826,64.1167,-141.875,0,0,0,0,0,0,0,0,0,0,0,0,0,0,0,NA,NA,NA,789.2,0,0,0,NA,NA,NA,NA,NA,NA,0,NA,NA,NA,NA,NA,NA,NA,NA,NA,"LOW",121.182964750268,166.605476290384
"783",NA,836,"20E TAYLOR CORRIDOR",2017,"6404-14150",NA,"LOW",0,"20E",5.833,64.0833,-141.875,0,0,0,0,0,0,0,0,0,0,0,0,0,0,0,NA,NA,NA,709.75,0,0,0,NA,NA,NA,NA,NA,NA,0,NA,NA,NA,NA,NA,NA,NA,NA,NA,"LOW",121.212882516222,162.883563013349
"784",NA,836,"20E TAYLOR CORRIDOR",2017,"6402-14150",NA,"LOW",0,"20E",5.84,64.05,-141.875,0,0,0,0,0,0,0,0,0,0,0,0,0,0,0,NA,NA,NA,604,0.490235227,0.004230611,0,NA,NA,NA,NA,NA,NA,0,NA,NA,NA,NA,NA,NA,NA,NA,NA,"LOW",121.242702134214,159.172810389791
"785",NA,836,"20E TAYLOR CORRIDOR",2017,"6358-14150",NA,"LOW",0,"20E",5.854,63.9833,-141.875,0,0,0,0,0,0,0,0,0,0,0,0,0,0,0,NA,NA,NA,710.6875,0.193176313,0.806823687,0,NA,NA,NA,NA,NA,NA,0,NA,NA,NA,NA,NA,NA,NA,NA,NA,"LOW",121.302405130779,151.740213457116
"786",NA,836,"20E TAYLOR CORRIDOR",2017,"6356-14150",NA,"LOW",0,"20E",5.861,63.95,-141.875,0,0,0,0,0,0,0,0,0,0,0,0,0,0,0,NA,NA,NA,731.9286,0.003295636,0.996704364,0,NA,NA,NA,NA,NA,NA,0,NA,NA,NA,NA,NA,NA,NA,NA,NA,"LOW",121.332198979347,148.029512502812
"787",NA,836,"20E TAYLOR CORRIDOR",2017,"6344-14150",NA,"LOW",0,"20E",5.902,63.75,-141.875,0,0,0,0,0,0,0,0,0,0,0,0,0,0,0,NA,NA,NA,759.0667,0,0.415887899,0,NA,NA,NA,NA,NA,NA,0,NA,NA,NA,NA,NA,NA,NA,NA,NA,"LOW",121.510959691551,125.743383473768
"788",NA,836,"20E TAYLOR CORRIDOR",2017,"6340-14150",NA,"LOW",0,"20E",5.916,63.6833,-141.875,0,0,0,0,0,0,0,0,0,0,0,0,0,0,0,NA,NA,NA,789.6,0.975502046,0,0,NA,NA,NA,NA,NA,NA,0,NA,NA,NA,NA,NA,NA,NA,NA,NA,"LOW",121.570507018047,118.31109827716
"789",NA,836,"20E TAYLOR CORRIDOR",2017,"6338-14150",NA,"LOW",0,"20E",5.924,63.65,-141.875,0,0,0,0,0,0,0,0,0,0,0,0,0,0,0,NA,NA,NA,734.8666,1,0,0,NA,NA,NA,NA,NA,NA,0,NA,NA,NA,NA,NA,NA,NA,NA,NA,"LOW",121.600223011685,114.600553165352
"790",NA,836,"20E TAYLOR CORRIDOR",2017,"6408-14145",NA,"LOW",0,"20E",5.819,64.15,-141.7917,0,0,0,0,0,0,0,0,0,0,0,0,0,0,0,NA,NA,NA,620.5,0.251921537,0,0,NA,NA,NA,NA,NA,NA,0,NA,NA,NA,NA,NA,NA,NA,NA,NA,"LOW",125.205705052497,170.351504219504
"791",0,836,"20E TAYLOR CORRIDOR",2017,"6406-14145",NA,"LOW",1,"20E",5.826,64.1167,-141.7917,0,0,0,0,0,0,0,0,0,0,0,0,0,0,0,NA,NA,NA,709.3571,0.164689132,0,0,NA,NA,NA,NA,NA,NA,0,NA,NA,NA,NA,NA,NA,NA,NA,NA,"LOW",125.240396411565,166.640749484536
"792",NA,836,"20E TAYLOR CORRIDOR",2017,"6404-14145",NA,"LOW",0,"20E",5.833,64.0833,-141.7917,0,0,0,0,0,0,0,0,0,0,0,0,0,0,0,NA,NA,NA,638.6,0.196834434,0,0,NA,NA,NA,NA,NA,NA,0,NA,NA,NA,NA,NA,NA,NA,NA,NA,"LOW",125.275181962417,162.918868530483
"793",NA,836,"20E TAYLOR CORRIDOR",2017,"6346-14145",NA,"LOW",0,"20E",5.895,63.7833,-141.7917,0,0,0,0,0,0,0,0,0,0,0,0,0,0,0,NA,NA,NA,961.7333,0.353427049,0.272485037,0,NA,NA,NA,NA,NA,NA,0,NA,NA,NA,NA,NA,NA,NA,NA,NA,"LOW",125.587176723052,129.489574351715
"794",NA,836,"20E TAYLOR CORRIDOR",2017,"6344-14145",NA,"LOW",0,"20E",5.902,63.75,-141.7917,0,0,0,0,0,0,0,0,0,0,0,0,0,0,0,NA,NA,NA,798.5625,0.400794842,0.023972647,0,NA,NA,NA,NA,NA,NA,0,NA,NA,NA,NA,NA,NA,NA,NA,NA,"LOW",125.621757956552,125.779008899192
"795",NA,836,"20E TAYLOR CORRIDOR",2017,"6342-14145",NA,"LOW",0,"20E",5.909,63.7167,-141.7917,0,0,0,0,0,0,0,0,0,0,0,0,0,0,0,NA,NA,NA,927.7143,0.621293549,0,0,NA,NA,NA,NA,NA,NA,0,NA,NA,NA,NA,NA,NA,NA,NA,NA,"LOW",125.656329119022,122.068460727697
"796",NA,836,"20E TAYLOR CORRIDOR",2017,"6338-14145",NA,"LOW",0,"20E",5.924,63.65,-141.7917,0,0,0,0,0,0,0,0,0,0,0,0,0,0,0,NA,NA,NA,869.125,1,0,0,NA,NA,NA,NA,NA,NA,0,NA,NA,NA,NA,NA,NA,NA,NA,NA,"LOW",125.725544925462,114.636273631541
"797",NA,895,"20E TAYLOR CORRIDOR",2018,"6346-14305",NA,"LOW",0,"20E",5.895,63.7833,-143.125,0,0,0,0,0,0,0,0,0,0,0,0,0,0,0,NA,NA,NA,794.2857,1,0,0,NA,NA,NA,NA,NA,NA,0,NA,NA,NA,NA,NA,NA,NA,NA,NA,"LOW",59.8662475352334,129.563028749696
"798",5,895,"20E TAYLOR CORRIDOR",2018,"6348-14305",NA,"LOW",1,"20E",5.888,63.8167,-143.125,1,0,0,0,0,2,1,0,0,0,5,4,3,1,1,NA,NA,NA,709.5333,1,0,0,NA,NA,NA,NA,NA,NA,0,NA,NA,NA,NA,NA,NA,NA,NA,NA,"LOW",59.9092634663291,133.284688574342
"799",NA,895,"20E TAYLOR CORRIDOR",2018,"6350-14305",NA,"LOW",0,"20E",5.882,63.85,-143.125,0,0,0,0,0,0,0,0,0,0,0,0,0,0,0,NA,NA,NA,704.6667,1,0,0,NA,NA,NA,NA,NA,NA,0,NA,NA,NA,NA,NA,NA,NA,NA,NA,"LOW",59.952163081949,136.995222881592
"800",NA,895,"20E TAYLOR CORRIDOR",2018,"6352-14305",NA,"LOW",0,"20E",5.875,63.8833,-143.125,0,0,0,0,0,0,0,0,0,0,0,0,0,0,0,NA,NA,NA,718.7857,1,0,0,NA,NA,NA,NA,NA,NA,0,NA,NA,NA,NA,NA,NA,NA,NA,NA,"LOW",59.9950751390346,140.70577432452
"801",NA,895,"20E TAYLOR CORRIDOR",2018,"6354-14305",NA,"LOW",0,"20E",5.868,63.9167,-143.125,0,0,0,0,0,0,0,0,0,0,0,0,0,0,0,NA,NA,NA,749.2,1,0,0,NA,NA,NA,NA,NA,NA,0,NA,NA,NA,NA,NA,NA,NA,NA,NA,"LOW",60.038128544082,144.427485762156
"802",NA,895,"20E TAYLOR CORRIDOR",2018,"6342-14300",NA,"LOW",0,"20E",5.909,63.7167,-143.0417,0,0,0,0,0,0,0,0,0,0,0,0,0,0,0,NA,NA,NA,854.4375,1,0,0,NA,NA,NA,NA,NA,NA,0,NA,NA,NA,NA,NA,NA,NA,NA,NA,"LOW",63.8960788004504,122.097194154248
"803",NA,895,"20E TAYLOR CORRIDOR",2018,"6346-14300",NA,"LOW",0,"20E",5.895,63.7833,-143.0417,0,0,0,0,0,0,0,0,0,0,0,0,0,0,0,NA,NA,NA,759.0625,1,0,0,NA,NA,NA,NA,NA,NA,0,NA,NA,NA,NA,NA,NA,NA,NA,NA,"LOW",63.9721385866665,129.518256654195
"804",NA,895,"20E TAYLOR CORRIDOR",2018,"6352-14300",NA,"LOW",0,"20E",5.875,63.8833,-143.0417,0,0,0,0,0,0,0,0,0,0,0,0,0,0,0,NA,NA,NA,707.625,0.999997417,0,0,NA,NA,NA,NA,NA,NA,0,NA,NA,NA,NA,NA,NA,NA,NA,NA,"LOW",64.0864255480583,140.661122510687
"805",NA,895,"20E TAYLOR CORRIDOR",2018,"6354-14300",NA,"LOW",0,"20E",5.868,63.9167,-143.0417,0,0,0,0,0,0,0,0,0,0,0,0,0,0,0,NA,NA,NA,734.125,0.282192572,0,0,NA,NA,NA,NA,NA,NA,0,NA,NA,NA,NA,NA,NA,NA,NA,NA,"LOW",64.1246195597141,144.382874244042
"806",0,895,"20E TAYLOR CORRIDOR",2018,"6356-14300",NA,"LOW",1,"20E",5.861,63.95,-143.0417,0,0,0,0,0,0,0,0,0,0,0,0,0,0,0,NA,NA,NA,834.5714,0.39777867,0,0,NA,NA,NA,NA,NA,NA,0,NA,NA,NA,NA,NA,NA,NA,NA,NA,"LOW",64.1627102465456,148.093500199445
"807",NA,895,"20E TAYLOR CORRIDOR",2018,"6344-14255",NA,"LOW",0,"20E",5.902,63.75,-142.9583,0,0,0,0,0,0,0,0,0,0,0,0,0,0,0,NA,NA,NA,771.0667,1,0,0,NA,NA,NA,NA,NA,NA,0,NA,NA,NA,NA,NA,NA,NA,NA,NA,"LOW",68.0498099115031,125.768221009829
"808",NA,895,"20E TAYLOR CORRIDOR",2018,"6354-14255",NA,"LOW",0,"20E",5.868,63.9167,-142.9583,0,0,0,0,0,0,0,0,0,0,0,0,0,0,0,NA,NA,NA,725.1334,0.007946677,0,0,NA,NA,NA,NA,NA,NA,0,NA,NA,NA,NA,NA,NA,NA,NA,NA,"LOW",68.2160580294192,144.343555190114
"809",NA,895,"20E TAYLOR CORRIDOR",2018,"6356-14255",NA,"LOW",0,"20E",5.861,63.95,-142.9583,0,0,0,0,0,0,0,0,0,0,0,0,0,0,0,NA,NA,NA,813,0,0,0,NA,NA,NA,NA,NA,NA,0,NA,NA,NA,NA,NA,NA,NA,NA,NA,"LOW",68.2492966646294,148.054216607206
"810",NA,895,"20E TAYLOR CORRIDOR",2018,"6358-14255",NA,"LOW",0,"20E",5.854,63.9833,-142.9583,0,0,0,0,0,0,0,0,0,0,0,0,0,0,0,NA,NA,NA,946.3125,0,0.410873043,0,NA,NA,NA,NA,NA,NA,0,NA,NA,NA,NA,NA,NA,NA,NA,NA,"LOW",68.2825448982747,151.764895227679
"811",NA,895,"20E TAYLOR CORRIDOR",2018,"6356-14250",NA,"LOW",0,"20E",5.861,63.95,-142.875,0,0,0,0,0,0,0,0,0,0,0,0,0,0,0,NA,NA,NA,754.8125,0.000507251,0,0,NA,NA,NA,NA,NA,NA,0,NA,NA,NA,NA,NA,NA,NA,NA,NA,"LOW",72.3310194604744,148.020314897249
"812",NA,895,"20E TAYLOR CORRIDOR",2018,"6358-14250",NA,"LOW",0,"20E",5.854,63.9833,-142.875,0,0,0,0,0,0,0,0,0,0,0,0,0,0,0,NA,NA,NA,1033.2,0,0.067383189,0,NA,NA,NA,NA,NA,NA,0,NA,NA,NA,NA,NA,NA,NA,NA,NA,"LOW",72.3594200724952,151.731024166625
"813",NA,895,"20E TAYLOR CORRIDOR",2018,"6400-14250",NA,"LOW",0,"20E",5.847,64.0167,-142.875,0,0,0,0,0,0,0,0,0,0,0,0,0,0,0,NA,NA,NA,1078.4,0,0.180339244,0,NA,NA,NA,NA,NA,NA,0,NA,NA,NA,NA,NA,NA,NA,NA,NA,"LOW",72.3879141982462,155.452894018616
"814",NA,895,"20E TAYLOR CORRIDOR",2018,"6354-14245",NA,"LOW",0,"20E",5.868,63.9167,-142.7917,0,0,0,0,0,0,0,0,0,0,0,0,0,0,0,NA,NA,NA,787,0.999210011,0,0,NA,NA,NA,NA,NA,NA,0,NA,NA,NA,NA,NA,NA,NA,NA,NA,"LOW",76.3892270955655,144.281026945414
"815",NA,895,"20E TAYLOR CORRIDOR",2018,"6356-14245",NA,"LOW",0,"20E",5.861,63.95,-142.7917,0,0,0,0,0,0,0,0,0,0,0,0,0,0,0,NA,NA,NA,728,0.486592473,0,0,NA,NA,NA,NA,NA,NA,0,NA,NA,NA,NA,NA,NA,NA,NA,NA,"LOW",76.4127732953905,147.9917447553
"816",NA,895,"20E TAYLOR CORRIDOR",2018,"6400-14245",NA,"LOW",0,"20E",5.847,64.0167,-142.7917,0,0,0,0,0,0,0,0,0,0,0,0,0,0,0,NA,NA,NA,1064.5294,0,0,0,NA,NA,NA,NA,NA,NA,0,NA,NA,NA,NA,NA,NA,NA,NA,NA,"LOW",76.4599568475582,155.424375650214
"817",NA,895,"20E TAYLOR CORRIDOR",2018,"6404-14245",NA,"LOW",0,"20E",5.833,64.0833,-142.7917,0,0,0,0,0,0,0,0,0,0,0,0,0,0,0,NA,NA,NA,786.2,0.947374491,0,0,NA,NA,NA,NA,NA,NA,0,NA,NA,NA,NA,NA,NA,NA,NA,NA,"LOW",76.5070968163435,162.845932250096
"818",4,895,"20E TAYLOR CORRIDOR",2018,"6412-14245",NA,"LOW",1,"20E",5.805,64.2167,-142.7917,0,0,0,0,1,1,1,0,0,0,4,3,2,1,1,NA,NA,NA,1082.1765,0,0,0,NA,NA,NA,NA,NA,NA,0,NA,NA,NA,NA,NA,NA,NA,NA,NA,"LOW",76.6015996709112,177.711539507803
"819",NA,895,"20E TAYLOR CORRIDOR",2018,"6414-14245",NA,"LOW",0,"20E",5.8,64.25,-142.7917,0,0,0,0,0,0,0,0,0,0,0,0,0,0,0,NA,NA,NA,995.7857,0,0,0,NA,NA,NA,NA,NA,NA,0,NA,NA,NA,NA,NA,NA,NA,NA,NA,"LOW",76.6252068439389,181.422412503974
"820",NA,895,"20E TAYLOR CORRIDOR",2018,"6416-14245",NA,"LOW",0,"20E",5.791,64.2833,-142.7917,0,0,0,0,0,0,0,0,0,0,0,0,0,0,0,NA,NA,NA,914.0667,0,0,0,NA,NA,NA,NA,NA,NA,0,NA,NA,NA,NA,NA,NA,NA,NA,NA,"LOW",76.6488207449261,185.133302647521
"821",NA,895,"20E TAYLOR CORRIDOR",2018,"6344-14240",NA,"LOW",0,"20E",5.902,63.75,-142.7083,0,0,0,0,0,0,0,0,0,0,0,0,0,0,0,NA,NA,NA,773.1334,0.95931309,0,0,NA,NA,NA,NA,NA,NA,0,NA,NA,NA,NA,NA,NA,NA,NA,NA,"LOW",80.3872570250959,125.682022814645
"822",NA,895,"20E TAYLOR CORRIDOR",2018,"6348-14240",NA,"LOW",0,"20E",5.888,63.8167,-142.7083,0,0,0,0,0,0,0,0,0,0,0,0,0,0,0,NA,NA,NA,782.8666,1,0,0,NA,NA,NA,NA,NA,NA,0,NA,NA,NA,NA,NA,NA,NA,NA,NA,"LOW",80.4246526467157,133.114487137329
"823",NA,895,"20E TAYLOR CORRIDOR",2018,"6350-14240",NA,"LOW",0,"20E",5.882,63.85,-142.7083,0,0,0,0,0,0,0,0,0,0,0,0,0,0,0,NA,NA,NA,729.2,1,0,0,NA,NA,NA,NA,NA,NA,0,NA,NA,NA,NA,NA,NA,NA,NA,NA,"LOW",80.4433305726706,136.825173842432
"824",NA,895,"20E TAYLOR CORRIDOR",2018,"6354-14240",NA,"LOW",0,"20E",5.868,63.9167,-142.7083,0,0,0,0,0,0,0,0,0,0,0,0,0,0,0,NA,NA,NA,787.3333,1,0,0,NA,NA,NA,NA,NA,NA,0,NA,NA,NA,NA,NA,NA,NA,NA,NA,"LOW",80.4807588028035,144.257742669247
"825",NA,895,"20E TAYLOR CORRIDOR",2018,"6356-14240",NA,"LOW",0,"20E",5.861,63.95,-142.7083,0,0,0,0,0,0,0,0,0,0,0,0,0,0,0,NA,NA,NA,749.5333,0.912858845,0,0,NA,NA,NA,NA,NA,NA,0,NA,NA,NA,NA,NA,NA,NA,NA,NA,"LOW",80.4994529799909,147.968481478326
"826",NA,895,"20E TAYLOR CORRIDOR",2018,"6358-14240",NA,"LOW",0,"20E",5.854,63.9833,-142.7083,0,0,0,0,0,0,0,0,0,0,0,0,0,0,0,NA,NA,NA,716.6875,0.205978526,0,0,NA,NA,NA,NA,NA,NA,0,NA,NA,NA,NA,NA,NA,NA,NA,NA,"LOW",80.5181525561455,151.679237606985
"827",0,895,"20E TAYLOR CORRIDOR",2018,"6400-14240",NA,"LOW",1,"20E",5.847,64.0167,-142.7083,0,0,0,0,0,0,0,0,0,0,0,0,0,0,0,NA,NA,NA,748.1429,0,0,0,NA,NA,NA,NA,NA,NA,0,NA,NA,NA,NA,NA,NA,NA,NA,NA,"LOW",80.5369137041144,155.401154529484
"828",0,895,"20E TAYLOR CORRIDOR",2018,"6402-14240",NA,"LOW",1,"20E",5.84,64.05,-142.7083,0,0,0,0,0,0,0,0,0,0,0,0,0,0,0,NA,NA,NA,720.1334,0,0,0,NA,NA,NA,NA,NA,NA,0,NA,NA,NA,NA,NA,NA,NA,NA,NA,"LOW",80.5556240753308,159.111945302527
"829",NA,895,"20E TAYLOR CORRIDOR",2018,"6410-14240",NA,"LOW",0,"20E",5.812,64.1833,-142.7083,0,0,0,0,0,0,0,0,0,0,0,0,0,0,0,NA,NA,NA,1092.3125,0,0,0,NA,NA,NA,NA,NA,NA,0,NA,NA,NA,NA,NA,NA,NA,NA,NA,"LOW",80.6305755556088,173.966424715509
"830",NA,895,"20E TAYLOR CORRIDOR",2018,"6328-14235",NA,"LOW",0,"20E",5.958,63.4833,-142.625,0,0,0,0,0,0,0,0,0,0,0,0,0,0,0,NA,NA,NA,744.125,1,0,0,NA,NA,NA,NA,NA,NA,0,NA,NA,NA,NA,NA,NA,NA,NA,NA,"LOW",84.3875402947925,95.9458831318263
"831",NA,895,"20E TAYLOR CORRIDOR",2018,"6330-14235",NA,"LOW",0,"20E",5.951,63.5167,-142.625,0,0,0,0,0,0,0,0,0,0,0,0,0,0,0,NA,NA,NA,728.6,1,0,0,NA,NA,NA,NA,NA,NA,0,NA,NA,NA,NA,NA,NA,NA,NA,NA,"LOW",84.4013772265882,99.6675537122814
"832",NA,895,"20E TAYLOR CORRIDOR",2018,"6332-14235",NA,"LOW",0,"20E",5.944,63.55,-142.625,0,0,0,0,0,0,0,0,0,0,0,0,0,0,0,NA,NA,NA,719.875,0.975385338,0,0,NA,NA,NA,NA,NA,NA,0,NA,NA,NA,NA,NA,NA,NA,NA,NA,"LOW",84.4151767970199,103.378099137081
"833",NA,895,"20E TAYLOR CORRIDOR",2018,"6334-14235",NA,"LOW",0,"20E",5.937,63.5833,-142.625,0,0,0,0,0,0,0,0,0,0,0,0,0,0,0,NA,NA,NA,730.4667,0.620477111,0,0,NA,NA,NA,NA,NA,NA,0,NA,NA,NA,NA,NA,NA,NA,NA,NA,"LOW",84.4289804232451,107.088662090894
"834",NA,895,"20E TAYLOR CORRIDOR",2018,"6338-14235",NA,"LOW",0,"20E",5.924,63.65,-142.625,0,0,0,0,0,0,0,0,0,0,0,0,0,0,0,NA,NA,NA,712.647,0.434943782,0,0,NA,NA,NA,NA,NA,NA,0,NA,NA,NA,NA,NA,NA,NA,NA,NA,"LOW",84.4566413070843,114.520983487578
"835",1,895,"20E TAYLOR CORRIDOR",2018,"6340-14235",NA,"LOW",1,"20E",5.916,63.6833,-142.625,0,0,0,0,0,1,0,0,0,0,1,1,1,0,0,NA,NA,NA,757.1334,0,0.031368143,0,NA,NA,NA,NA,NA,NA,0,NA,NA,NA,NA,NA,NA,NA,NA,NA,"LOW",84.4704570847231,118.231598989117
"836",NA,895,"20E TAYLOR CORRIDOR",2018,"6342-14235",NA,"LOW",0,"20E",5.909,63.7167,-142.625,0,0,0,0,0,0,0,0,0,0,0,0,0,0,0,NA,NA,NA,726.8571,0.092322123,0.627730162,0,NA,NA,NA,NA,NA,NA,0,NA,NA,NA,NA,NA,NA,NA,NA,NA,"LOW",84.4843184064246,121.953375026586
"837",NA,895,"20E TAYLOR CORRIDOR",2018,"6348-14235",NA,"LOW",0,"20E",5.888,63.8167,-142.625,0,0,0,0,0,0,0,0,0,0,0,0,0,0,0,NA,NA,NA,880.2143,1,0,0,NA,NA,NA,NA,NA,NA,0,NA,NA,NA,NA,NA,NA,NA,NA,NA,"LOW",84.525843605421,133.09652196893
"838",0,895,"20E TAYLOR CORRIDOR",2018,"6354-14235",NA,"LOW",1,"20E",5.868,63.9167,-142.625,0,0,0,0,0,0,0,0,0,0,0,0,0,0,0,NA,NA,NA,716.0667,1,0,0,NA,NA,NA,NA,NA,NA,0,NA,NA,NA,NA,NA,NA,NA,NA,NA,"LOW",84.5674050411216,144.239825878318
"839",NA,895,"20E TAYLOR CORRIDOR",2018,"6356-14235",NA,"LOW",0,"20E",5.861,63.95,-142.625,0,0,0,0,0,0,0,0,0,0,0,0,0,0,0,NA,NA,NA,691.6875,1,0,0,NA,NA,NA,NA,NA,NA,0,NA,NA,NA,NA,NA,NA,NA,NA,NA,"LOW",84.5812530198017,147.950580845728
"840",NA,895,"20E TAYLOR CORRIDOR",2018,"6400-14235",NA,"LOW",0,"20E",5.847,64.0167,-142.625,0,0,0,0,0,0,0,0,0,0,0,0,0,0,0,NA,NA,NA,671.8666,0.035015277,0,0,NA,NA,NA,NA,NA,NA,0,NA,NA,NA,NA,NA,NA,NA,NA,NA,"LOW",84.6090025863589,155.383286335014
"841",NA,895,"20E TAYLOR CORRIDOR",2018,"6402-14235",NA,"LOW",0,"20E",5.84,64.05,-142.625,0,0,0,0,0,0,0,0,0,0,0,0,0,0,0,NA,NA,NA,735.7647,0.003833396,0,0,NA,NA,NA,NA,NA,NA,0,NA,NA,NA,NA,NA,NA,NA,NA,NA,"LOW",84.622862561269,159.094093339179
"842",NA,895,"20E TAYLOR CORRIDOR",2018,"6410-14235",NA,"LOW",0,"20E",5.812,64.1833,-142.625,0,0,0,0,0,0,0,0,0,0,0,0,0,0,0,NA,NA,NA,884.6667,0,0,0,NA,NA,NA,NA,NA,NA,0,NA,NA,NA,NA,NA,NA,NA,NA,NA,"LOW",84.6783839424877,173.948637967455
"843",NA,895,"20E TAYLOR CORRIDOR",2018,"6412-14235",NA,"LOW",0,"20E",5.805,64.2167,-142.625,0,0,0,0,0,0,0,0,0,0,0,0,0,0,0,NA,NA,NA,900.2857,0,0,0,NA,NA,NA,NA,NA,NA,0,NA,NA,NA,NA,NA,NA,NA,NA,NA,"LOW",84.6923054961495,177.670675201672
"844",NA,895,"20E TAYLOR CORRIDOR",2018,"6414-14235",NA,"LOW",0,"20E",5.8,64.25,-142.625,0,0,0,0,0,0,0,0,0,0,0,0,0,0,0,NA,NA,NA,1114.5,0,0,0,NA,NA,NA,NA,NA,NA,0,NA,NA,NA,NA,NA,NA,NA,NA,NA,"LOW",84.7061893362303,181.381585856171
"845",NA,895,"20E TAYLOR CORRIDOR",2018,"6328-14230",NA,"LOW",0,"20E",5.958,63.4833,-142.5417,0,0,0,0,0,0,0,0,0,0,0,0,0,0,0,NA,NA,NA,733.6,1,0,0,NA,NA,NA,NA,NA,NA,0,NA,NA,NA,NA,NA,NA,NA,NA,NA,"LOW",88.5371465551048,95.9331565950122
"846",NA,895,"20E TAYLOR CORRIDOR",2018,"6330-14230",NA,"LOW",0,"20E",5.951,63.5167,-142.5417,0,0,0,0,0,0,0,0,0,0,0,0,0,0,0,NA,NA,NA,715.0625,1,0,0,NA,NA,NA,NA,NA,NA,0,NA,NA,NA,NA,NA,NA,NA,NA,NA,"LOW",88.5461411584911,99.654838331433
"847",1,895,"20E TAYLOR CORRIDOR",2018,"6332-14230",NA,"LOW",1,"20E",5.944,63.55,-142.5417,0,0,0,1,0,0,0,0,0,0,1,1,0,1,0,NA,NA,NA,739.5333,1,0,0,NA,NA,NA,NA,NA,NA,0,NA,NA,NA,NA,NA,NA,NA,NA,NA,"LOW",88.5551114754185,103.365394896056
"848",NA,895,"20E TAYLOR CORRIDOR",2018,"6334-14230",NA,"LOW",0,"20E",5.937,63.5833,-142.5417,0,0,0,0,0,0,0,0,0,0,0,0,0,0,0,NA,NA,NA,799.2,0.594800271,0,0,NA,NA,NA,NA,NA,NA,0,NA,NA,NA,NA,NA,NA,NA,NA,NA,"LOW",88.5640844288285,107.07596900691
"849",NA,895,"20E TAYLOR CORRIDOR",2018,"6336-14230",NA,"LOW",0,"20E",5.93,63.6167,-142.5417,0,0,0,0,0,0,0,0,0,0,0,0,0,0,0,NA,NA,NA,731.375,0.088879834,0,0,NA,NA,NA,NA,NA,NA,0,NA,NA,NA,NA,NA,NA,NA,NA,NA,"LOW",88.5730869733549,110.797703592928
"850",NA,895,"20E TAYLOR CORRIDOR",2018,"6338-14230",NA,"LOW",0,"20E",5.924,63.65,-142.5417,0,0,0,0,0,0,0,0,0,0,0,0,0,0,0,NA,NA,NA,751.6,0.207195088,0,0,NA,NA,NA,NA,NA,NA,0,NA,NA,NA,NA,NA,NA,NA,NA,NA,"LOW",88.5820651984935,114.508312802903
"851",NA,895,"20E TAYLOR CORRIDOR",2018,"6340-14230",NA,"LOW",0,"20E",5.916,63.6833,-142.5417,0,0,0,0,0,0,0,0,0,0,0,0,0,0,0,NA,NA,NA,818.8666,0,0,0,NA,NA,NA,NA,NA,NA,0,NA,NA,NA,NA,NA,NA,NA,NA,NA,"LOW",88.5910460509722,118.218939513099
"852",NA,895,"20E TAYLOR CORRIDOR",2018,"6400-14230",NA,"LOW",0,"20E",5.847,64.0167,-142.5417,0,0,0,0,0,0,0,0,0,0,0,0,0,0,0,NA,NA,NA,689,0.223271725,0,0,NA,NA,NA,NA,NA,NA,0,NA,NA,NA,NA,NA,NA,NA,NA,NA,"LOW",88.6811066162118,155.370740023508
"853",0,895,"20E TAYLOR CORRIDOR",2018,"6402-14230",NA,"LOW",1,"20E",5.84,64.05,-142.5417,0,0,0,0,0,0,0,0,0,0,0,0,0,0,0,NA,NA,NA,838.3333,0,0,0,NA,NA,NA,NA,NA,NA,0,NA,NA,NA,NA,NA,NA,NA,NA,NA,"LOW",88.6901161992833,159.081558424431
"854",NA,895,"20E TAYLOR CORRIDOR",2018,"6410-14230",NA,"LOW",0,"20E",5.812,64.1833,-142.5417,0,0,0,0,0,0,0,0,0,0,0,0,0,0,0,NA,NA,NA,794.8571,0,0,0,NA,NA,NA,NA,NA,NA,0,NA,NA,NA,NA,NA,NA,NA,NA,NA,"LOW",88.7262074985314,173.93614884393
"855",NA,895,"20E TAYLOR CORRIDOR",2018,"6412-14230",NA,"LOW",0,"20E",5.805,64.2167,-142.5417,0,0,0,0,0,0,0,0,0,0,0,0,0,0,0,NA,NA,NA,945.2353,0,0,0,NA,NA,NA,NA,NA,NA,0,NA,NA,NA,NA,NA,NA,NA,NA,NA,"LOW",88.7352571106614,177.658197594252
"856",6,895,"20E TAYLOR CORRIDOR",2018,"6414-14230",NA,"LOW",1,"20E",5.8,64.25,-142.5417,0,0,0,0,1,1,2,0,0,0,6,4,3,1,2,NA,NA,NA,1142.1428,0,0,0,NA,NA,NA,NA,NA,NA,0,NA,NA,NA,NA,NA,NA,NA,NA,NA,"LOW",88.7442822073733,181.369119747316
"857",NA,895,"20E TAYLOR CORRIDOR",2018,"6416-14230",NA,"LOW",0,"20E",5.791,64.2833,-142.5417,0,0,0,0,0,0,0,0,0,0,0,0,0,0,0,NA,NA,NA,996.3571,0,0,0,NA,NA,NA,NA,NA,NA,0,NA,NA,NA,NA,NA,NA,NA,NA,NA,"LOW",88.753309876381,185.080059119985
"858",NA,895,"20E TAYLOR CORRIDOR",2018,"6318-14225",NA,"LOW",0,"20E",5.992,63.3167,-142.4583,0,0,0,0,0,0,0,0,0,0,0,0,0,0,0,NA,NA,NA,909.4667,0.445742118,0,0,NA,NA,NA,NA,NA,NA,0,NA,NA,NA,NA,NA,NA,NA,NA,NA,"LOW",92.6710798049887,77.3622176509276
"859",NA,895,"20E TAYLOR CORRIDOR",2018,"6320-14225",NA,"LOW",0,"20E",5.986,63.35,-142.4583,0,0,0,0,0,0,0,0,0,0,0,0,0,0,0,NA,NA,NA,808.8666,0.797150085,0,0,NA,NA,NA,NA,NA,NA,0,NA,NA,NA,NA,NA,NA,NA,NA,NA,"LOW",92.6752077453891,81.0726748718629
"860",NA,895,"20E TAYLOR CORRIDOR",2018,"6328-14225",NA,"LOW",0,"20E",5.958,63.4833,-142.4583,0,0,0,0,0,0,0,0,0,0,0,0,0,0,0,NA,NA,NA,767.8823,1,0,0,NA,NA,NA,NA,NA,NA,0,NA,NA,NA,NA,NA,NA,NA,NA,NA,"LOW",92.6917441440405,95.9258228320675
"861",0,895,"20E TAYLOR CORRIDOR",2018,"6330-14225",NA,"LOW",1,"20E",5.951,63.5167,-142.4583,0,0,0,0,0,0,0,0,0,0,0,0,0,0,0,NA,NA,NA,737.9333,1,0,0,NA,NA,NA,NA,NA,NA,0,NA,NA,NA,NA,NA,NA,NA,NA,NA,"LOW",92.6958906096488,99.6475109971715
"862",NA,895,"20E TAYLOR CORRIDOR",2018,"6332-14225",NA,"LOW",0,"20E",5.944,63.55,-142.4583,0,0,0,0,0,0,0,0,0,0,0,0,0,0,0,NA,NA,NA,759.0667,0.98120979,0,0,NA,NA,NA,NA,NA,NA,0,NA,NA,NA,NA,NA,NA,NA,NA,NA,"LOW",92.7000258793363,103.358073981175
"863",NA,895,"20E TAYLOR CORRIDOR",2018,"6348-14225",NA,"LOW",0,"20E",5.888,63.8167,-142.4583,0,0,0,0,0,0,0,0,0,0,0,0,0,0,0,NA,NA,NA,683.7143,0.999998502,0,0,NA,NA,NA,NA,NA,NA,0,NA,NA,NA,NA,NA,NA,NA,NA,NA,"LOW",92.7331890212988,133.076638421956
"864",NA,895,"20E TAYLOR CORRIDOR",2018,"6350-14225",NA,"LOW",0,"20E",5.882,63.85,-142.4583,0,0,0,0,0,0,0,0,0,0,0,0,0,0,0,NA,NA,NA,720.7333,1,0,0,NA,NA,NA,NA,NA,NA,0,NA,NA,NA,NA,NA,NA,NA,NA,NA,"LOW",92.7373351900243,136.787359015251
"865",NA,895,"20E TAYLOR CORRIDOR",2018,"6354-14225",NA,"LOW",0,"20E",5.868,63.9167,-142.4583,0,0,0,0,0,0,0,0,0,0,0,0,0,0,0,NA,NA,NA,803.4286,1,0,0,NA,NA,NA,NA,NA,NA,0,NA,NA,NA,NA,NA,NA,NA,NA,NA,"LOW",92.745643594331,144.219995874307
"866",19,895,"20E TAYLOR CORRIDOR",2018,"6356-14225",NA,"LOW",1,"20E",5.861,63.95,-142.4583,1,1,0,0,0,7,5,0,0,0,19,14,12,2,5,NA,NA,NA,810.5333,1,0,0,NA,NA,NA,NA,NA,NA,0,NA,NA,NA,NA,NA,NA,NA,NA,NA,"LOW",92.7497933707141,147.930768725348
"867",NA,895,"20E TAYLOR CORRIDOR",2018,"6358-14225",NA,"LOW",0,"20E",5.854,63.9833,-142.4583,0,0,0,0,0,0,0,0,0,0,0,0,0,0,0,NA,NA,NA,917.0625,1,0,0,NA,NA,NA,NA,NA,NA,0,NA,NA,NA,NA,NA,NA,NA,NA,NA,"LOW",92.7539443456295,151.641558947083
"868",NA,895,"20E TAYLOR CORRIDOR",2018,"6400-14225",NA,"LOW",0,"20E",5.847,64.0167,-142.4583,0,0,0,0,0,0,0,0,0,0,0,0,0,0,0,NA,NA,NA,831.2,0.850757421,0,0,NA,NA,NA,NA,NA,NA,0,NA,NA,NA,NA,NA,NA,NA,NA,NA,"LOW",92.7581089884552,155.363510116339
"869",NA,895,"20E TAYLOR CORRIDOR",2018,"6402-14225",NA,"LOW",0,"20E",5.84,64.05,-142.4583,0,0,0,0,0,0,0,0,0,0,0,0,0,0,0,NA,NA,NA,745.5,0.684140252,0,0,NA,NA,NA,NA,NA,NA,0,NA,NA,NA,NA,NA,NA,NA,NA,NA,"LOW",92.7622623597977,159.074335084703
"870",NA,895,"20E TAYLOR CORRIDOR",2018,"6408-14225",NA,"LOW",0,"20E",5.819,64.15,-142.4583,0,0,0,0,0,0,0,0,0,0,0,0,0,0,0,NA,NA,NA,917.9333,0.176634606,0,0,NA,NA,NA,NA,NA,NA,0,NA,NA,NA,NA,NA,NA,NA,NA,NA,"LOW",92.7747421191171,170.218057670341
"871",NA,895,"20E TAYLOR CORRIDOR",2018,"6410-14225",NA,"LOW",0,"20E",5.812,64.1833,-142.4583,0,0,0,0,0,0,0,0,0,0,0,0,0,0,0,NA,NA,NA,779.25,0.043171816,0,0,NA,NA,NA,NA,NA,NA,0,NA,NA,NA,NA,NA,NA,NA,NA,NA,"LOW",92.7789002627736,173.928951891638
"872",NA,895,"20E TAYLOR CORRIDOR",2018,"6412-14225",NA,"LOW",0,"20E",5.805,64.2167,-142.4583,0,0,0,0,0,0,0,0,0,0,0,0,0,0,0,NA,NA,NA,959.2857,0.035491941,0,0,NA,NA,NA,NA,NA,NA,0,NA,NA,NA,NA,NA,NA,NA,NA,NA,"LOW",92.7830720873606,177.651007278178
"873",NA,895,"20E TAYLOR CORRIDOR",2018,"6416-14225",NA,"LOW",0,"20E",5.791,64.2833,-142.4583,0,0,0,0,0,0,0,0,0,0,0,0,0,0,0,NA,NA,NA,1148.125,0,0,0,NA,NA,NA,NA,NA,NA,0,NA,NA,NA,NA,NA,NA,NA,NA,NA,"LOW",92.7913943194196,185.072882065865
"874",NA,895,"20E TAYLOR CORRIDOR",2018,"6406-14220",NA,"LOW",0,"20E",5.826,64.1167,-142.375,0,0,0,0,0,0,0,0,0,0,0,0,0,0,0,NA,NA,NA,762.2,0.466602263,0,0,NA,NA,NA,NA,NA,NA,0,NA,NA,NA,NA,NA,NA,NA,NA,NA,"LOW",96.8281336682472,166.505289738593
"875",NA,895,"20E TAYLOR CORRIDOR",2018,"6404-14220",NA,"LOW",0,"20E",5.833,64.0833,-142.375,0,0,0,0,0,0,0,0,0,0,0,0,0,0,0,NA,NA,NA,688.1334,0.813915461,0,0,NA,NA,NA,NA,NA,NA,0,NA,NA,NA,NA,NA,NA,NA,NA,NA,"LOW",96.8288331797618,162.783284656989
"876",NA,895,"20E TAYLOR CORRIDOR",2018,"6402-14220",NA,"LOW",0,"20E",5.84,64.05,-142.375,0,0,0,0,0,0,0,0,0,0,0,0,0,0,0,NA,NA,NA,891.375,0.868290887,0,0,NA,NA,NA,NA,NA,NA,0,NA,NA,NA,NA,NA,NA,NA,NA,NA,"LOW",96.8295303964395,159.072440639843
"877",NA,895,"20E TAYLOR CORRIDOR",2018,"6348-14220",NA,"LOW",0,"20E",5.888,63.8167,-142.375,0,0,0,0,0,0,0,0,0,0,0,0,0,0,0,NA,NA,NA,642.6667,0.195246228,0.441404172,0,NA,NA,NA,NA,NA,NA,0,NA,NA,NA,NA,NA,NA,NA,NA,NA,"LOW",96.8344094663979,133.074731963959
"878",8,895,"20E TAYLOR CORRIDOR",2018,"6340-14220",NA,"LOW",1,"20E",5.916,63.6833,-142.375,0,0,0,2,0,6,0,0,0,0,8,8,6,2,0,NA,NA,NA,816,0.154676906,0,0,NA,NA,NA,NA,NA,NA,0,NA,NA,NA,NA,NA,NA,NA,NA,NA,"LOW",96.8371948467914,118.209731124164
"879",NA,895,"20E TAYLOR CORRIDOR",2018,"6338-14220",NA,"LOW",0,"20E",5.924,63.65,-142.375,0,0,0,0,0,0,0,0,0,0,0,0,0,0,0,NA,NA,NA,788.1875,0.923587489,0,0,NA,NA,NA,NA,NA,NA,0,NA,NA,NA,NA,NA,NA,NA,NA,NA,"LOW",96.8378896403062,114.499096260929
"880",NA,895,"20E TAYLOR CORRIDOR",2018,"6334-14220",NA,"LOW",0,"20E",5.937,63.5833,-142.375,0,0,0,0,0,0,0,0,0,0,0,0,0,0,0,NA,NA,NA,881.8,1,0,0,NA,NA,NA,NA,NA,NA,0,NA,NA,NA,NA,NA,NA,NA,NA,NA,"LOW",96.8392807022483,107.066736171954
"881",NA,895,"20E TAYLOR CORRIDOR",2018,"6332-14220",NA,"LOW",0,"20E",5.944,63.55,-142.375,0,0,0,0,0,0,0,0,0,0,0,0,0,0,0,NA,NA,NA,863.375,1,0,0,NA,NA,NA,NA,NA,NA,0,NA,NA,NA,NA,NA,NA,NA,NA,NA,"LOW",96.8399748846535,103.356153945605
"882",NA,895,"20E TAYLOR CORRIDOR",2018,"6330-14220",NA,"LOW",0,"20E",5.951,63.5167,-142.375,0,0,0,0,0,0,0,0,0,0,0,0,0,0,0,NA,NA,NA,783.8666,1,0,0,NA,NA,NA,NA,NA,NA,0,NA,NA,NA,NA,NA,NA,NA,NA,NA,"LOW",96.8406688630879,99.6455892780125
"883",NA,895,"20E TAYLOR CORRIDOR",2018,"6328-14220",NA,"LOW",0,"20E",5.958,63.4833,-142.375,0,0,0,0,0,0,0,0,0,0,0,0,0,0,0,NA,NA,NA,727.5333,1,0,0,NA,NA,NA,NA,NA,NA,0,NA,NA,NA,NA,NA,NA,NA,NA,NA,"LOW",96.8413647204143,95.9238994268803
"884",NA,895,"20E TAYLOR CORRIDOR",2018,"6326-14220",NA,"LOW",0,"20E",5.965,63.45,-142.375,0,0,0,0,0,0,0,0,0,0,0,0,0,0,0,NA,NA,NA,746.4375,0.727594724,0,0,NA,NA,NA,NA,NA,NA,0,NA,NA,NA,NA,NA,NA,NA,NA,NA,"LOW",96.8420582895867,92.2133699754793
"885",NA,895,"20E TAYLOR CORRIDOR",2018,"6318-14220",NA,"LOW",0,"20E",5.992,63.3167,-142.375,0,0,0,0,0,0,0,0,0,0,0,0,0,0,0,NA,NA,NA,751.0667,0.944678736,0,0,NA,NA,NA,NA,NA,NA,0,NA,NA,NA,NA,NA,NA,NA,NA,NA,"LOW",96.8448325971686,77.3602858749945
"886",NA,895,"20E TAYLOR CORRIDOR",2018,"6316-14220",NA,"LOW",0,"20E",5.999,63.2833,-142.375,0,0,0,0,0,0,0,0,0,0,0,0,0,0,0,NA,NA,NA,752.0625,0.962923419,0,0,NA,NA,NA,NA,NA,NA,0,NA,NA,NA,NA,NA,NA,NA,NA,NA,"LOW",96.8455272193836,73.6387022119695
"887",NA,895,"20E TAYLOR CORRIDOR",2018,"6412-14215",NA,"LOW",0,"20E",5.805,64.2167,-142.2917,0,0,0,0,0,0,0,0,0,0,0,0,0,0,0,NA,NA,NA,1128.4375,0,0,0,NA,NA,NA,NA,NA,NA,0,NA,NA,NA,NA,NA,NA,NA,NA,NA,"LOW",100.869003390826,177.652528443749
"888",NA,895,"20E TAYLOR CORRIDOR",2018,"6408-14215",NA,"LOW",0,"20E",5.819,64.15,-142.2917,0,0,0,0,0,0,0,0,0,0,0,0,0,0,0,NA,NA,NA,784.8,0.167020129,0,0,NA,NA,NA,NA,NA,NA,0,NA,NA,NA,NA,NA,NA,NA,NA,NA,"LOW",100.880129219892,170.219581637523
"889",NA,895,"20E TAYLOR CORRIDOR",2018,"6404-14215",NA,"LOW",0,"20E",5.833,64.0833,-142.2917,0,0,0,0,0,0,0,0,0,0,0,0,0,0,0,NA,NA,NA,843.9333,0.911746919,0,0,NA,NA,NA,NA,NA,NA,0,NA,NA,NA,NA,NA,NA,NA,NA,NA,"LOW",100.891248671873,162.786704137364
"890",NA,895,"20E TAYLOR CORRIDOR",2018,"6356-14215",NA,"LOW",0,"20E",5.861,63.95,-142.2917,0,0,0,0,0,0,0,0,0,0,0,0,0,0,0,NA,NA,NA,722,0.991173884,0,0,NA,NA,NA,NA,NA,NA,0,NA,NA,NA,NA,NA,NA,NA,NA,NA,"LOW",100.913451737175,147.932301043421
"891",NA,895,"20E TAYLOR CORRIDOR",2018,"6354-14215",NA,"LOW",0,"20E",5.868,63.9167,-142.2917,0,0,0,0,0,0,0,0,0,0,0,0,0,0,0,NA,NA,NA,633.5625,1,0,0,NA,NA,NA,NA,NA,NA,0,NA,NA,NA,NA,NA,NA,NA,NA,NA,"LOW",100.918994339685,144.221529575539
"892",NA,895,"20E TAYLOR CORRIDOR",2018,"6352-14215",NA,"LOW",0,"20E",5.875,63.8833,-142.2917,0,0,0,0,0,0,0,0,0,0,0,0,0,0,0,NA,NA,NA,647.6429,0.992357318,0,0,NA,NA,NA,NA,NA,NA,0,NA,NA,NA,NA,NA,NA,NA,NA,NA,"LOW",100.924551976734,140.499632112386
"893",NA,895,"20E TAYLOR CORRIDOR",2018,"6348-14215",NA,"LOW",0,"20E",5.888,63.8167,-142.2917,0,0,0,0,0,0,0,0,0,0,0,0,0,0,0,NA,NA,NA,755.4375,0.666449527,0.05503574,0,NA,NA,NA,NA,NA,NA,0,NA,NA,NA,NA,NA,NA,NA,NA,NA,"LOW",100.935629151166,133.078176264318
"894",NA,895,"20E TAYLOR CORRIDOR",2018,"6346-14215",NA,"LOW",0,"20E",5.895,63.7833,-142.2917,0,0,0,0,0,0,0,0,0,0,0,0,0,0,0,NA,NA,NA,859.3571,0.504751296,0.017282861,0,NA,NA,NA,NA,NA,NA,0,NA,NA,NA,NA,NA,NA,NA,NA,NA,"LOW",100.941181949558,129.356331256393
"895",NA,895,"20E TAYLOR CORRIDOR",2018,"6344-14215",NA,"LOW",0,"20E",5.902,63.75,-142.2917,0,0,0,0,0,0,0,0,0,0,0,0,0,0,0,NA,NA,NA,926.75,0.008926266,0,0,NA,NA,NA,NA,NA,NA,0,NA,NA,NA,NA,NA,NA,NA,NA,NA,"LOW",100.946716510177,125.645646969498
"896",NA,895,"20E TAYLOR CORRIDOR",2018,"6342-14215",NA,"LOW",0,"20E",5.909,63.7167,-142.2917,0,0,0,0,0,0,0,0,0,0,0,0,0,0,0,NA,NA,NA,936.5333,0.322455732,0,0,NA,NA,NA,NA,NA,NA,0,NA,NA,NA,NA,NA,NA,NA,NA,NA,"LOW",100.952249458706,121.93498014437
"897",NA,895,"20E TAYLOR CORRIDOR",2018,"6340-14215",NA,"LOW",0,"20E",5.916,63.6833,-142.2917,0,0,0,0,0,0,0,0,0,0,0,0,0,0,0,NA,NA,NA,950.8,0,0,0,NA,NA,NA,NA,NA,NA,0,NA,NA,NA,NA,NA,NA,NA,NA,NA,"LOW",100.957797401451,118.213187731639
"898",NA,895,"20E TAYLOR CORRIDOR",2018,"6334-14215",NA,"LOW",0,"20E",5.937,63.5833,-142.2917,0,0,0,0,0,0,0,0,0,0,0,0,0,0,0,NA,NA,NA,860,0.999744856,0,0,NA,NA,NA,NA,NA,NA,0,NA,NA,NA,NA,NA,NA,NA,NA,NA,"LOW",100.974398281582,107.070201955868
"899",NA,895,"20E TAYLOR CORRIDOR",2018,"6332-14215",NA,"LOW",0,"20E",5.944,63.55,-142.2917,0,0,0,0,0,0,0,0,0,0,0,0,0,0,0,NA,NA,NA,822.5,1,0,0,NA,NA,NA,NA,NA,NA,0,NA,NA,NA,NA,NA,NA,NA,NA,NA,"LOW",100.979923131776,103.359622775876
"900",NA,895,"20E TAYLOR CORRIDOR",2018,"6330-14215",NA,"LOW",0,"20E",5.951,63.5167,-142.2917,0,0,0,0,0,0,0,0,0,0,0,0,0,0,0,NA,NA,NA,767.0667,1,0,0,NA,NA,NA,NA,NA,NA,0,NA,NA,NA,NA,NA,NA,NA,NA,NA,"LOW",100.985446358618,99.649061149939
"901",NA,895,"20E TAYLOR CORRIDOR",2018,"6328-14215",NA,"LOW",0,"20E",5.958,63.4833,-142.2917,0,0,0,0,0,0,0,0,0,0,0,0,0,0,0,NA,NA,NA,723.6,0.972641386,0,0,NA,NA,NA,NA,NA,NA,0,NA,NA,NA,NA,NA,NA,NA,NA,NA,"LOW",100.990984539169,95.9273743448704
"902",0,895,"20E TAYLOR CORRIDOR",2018,"6326-14215",NA,"LOW",1,"20E",5.965,63.45,-142.2917,0,0,0,0,0,0,0,0,0,0,0,0,0,0,0,NA,NA,NA,822.647,0.155794961,0,0,NA,NA,NA,NA,NA,NA,0,NA,NA,NA,NA,NA,NA,NA,NA,NA,"LOW",100.996504508794,92.2168479256965
"903",NA,895,"20E TAYLOR CORRIDOR",2018,"6320-14215",NA,"LOW",0,"20E",5.986,63.35,-142.2917,0,0,0,0,0,0,0,0,0,0,0,0,0,0,0,NA,NA,NA,888.9375,0.998509941,0,0,NA,NA,NA,NA,NA,NA,0,NA,NA,NA,NA,NA,NA,NA,NA,NA,"LOW",101.013071195655,81.0742317915009
"904",NA,895,"20E TAYLOR CORRIDOR",2018,"6318-14215",NA,"LOW",0,"20E",5.992,63.3167,-142.2917,0,0,0,0,0,0,0,0,0,0,0,0,0,0,0,NA,NA,NA,747.9333,0.93795254,0,0,NA,NA,NA,NA,NA,NA,0,NA,NA,NA,NA,NA,NA,NA,NA,NA,"LOW",101.018584633234,77.363775915985
"905",0,895,"20E TAYLOR CORRIDOR",2018,"6316-14215",NA,"LOW",1,"20E",5.999,63.2833,-142.2917,0,0,0,0,0,0,0,0,0,0,0,0,0,0,0,NA,NA,NA,721.1334,0.464959015,0,0,NA,NA,NA,NA,NA,NA,0,NA,NA,NA,NA,NA,NA,NA,NA,NA,"LOW",101.024112983838,73.6421952705924
"906",NA,895,"20E TAYLOR CORRIDOR",2018,"6414-14210",NA,"LOW",0,"20E",5.8,64.25,-142.2083,0,0,0,0,0,0,0,0,0,0,0,0,0,0,0,NA,NA,NA,1287.6,0,0,0,NA,NA,NA,NA,NA,NA,0,NA,NA,NA,NA,NA,NA,NA,NA,NA,"LOW",104.906394544258,181.372161099736
"907",NA,895,"20E TAYLOR CORRIDOR",2018,"6412-14210",NA,"LOW",0,"20E",5.805,64.2167,-142.2083,0,0,0,0,0,0,0,0,0,0,0,0,0,0,0,NA,NA,NA,1155.5333,0,0,0,NA,NA,NA,NA,NA,NA,0,NA,NA,NA,NA,NA,NA,NA,NA,NA,"LOW",104.916816074693,177.661241751968
"908",0,895,"20E TAYLOR CORRIDOR",2018,"6410-14210",NA,"LOW",1,"20E",5.812,64.1833,-142.2083,0,0,0,0,0,0,0,0,0,0,0,0,0,0,0,NA,NA,NA,959.9333,0,0,0,NA,NA,NA,NA,NA,NA,0,NA,NA,NA,NA,NA,NA,NA,NA,NA,"LOW",104.927265913775,173.939195811221
"909",NA,895,"20E TAYLOR CORRIDOR",2018,"6408-14210",NA,"LOW",0,"20E",5.819,64.15,-142.2083,0,0,0,0,0,0,0,0,0,0,0,0,0,0,0,NA,NA,NA,853.7333,0,0,0,NA,NA,NA,NA,NA,NA,0,NA,NA,NA,NA,NA,NA,NA,NA,NA,"LOW",104.937681484073,170.228310993531
"910",22,895,"20E TAYLOR CORRIDOR",2018,"6404-14210",NA,"LOW",1,"20E",5.833,64.0833,-142.2083,1,0,1,2,1,13,2,0,0,0,22,20,15,5,2,NA,NA,NA,857.3333,1,0,0,NA,NA,NA,NA,NA,NA,0,NA,NA,NA,NA,NA,NA,NA,NA,NA,"LOW",104.958534933983,162.79544949369
"911",NA,895,"20E TAYLOR CORRIDOR",2018,"6356-14210",NA,"LOW",0,"20E",5.861,63.95,-142.2083,0,0,0,0,0,0,0,0,0,0,0,0,0,0,0,NA,NA,NA,645.9286,1,0,0,NA,NA,NA,NA,NA,NA,0,NA,NA,NA,NA,NA,NA,NA,NA,NA,"LOW",105.000174622286,147.941078233822
"912",0,895,"20E TAYLOR CORRIDOR",2018,"6354-14210",NA,"LOW",1,"20E",5.868,63.9167,-142.2083,0,0,0,0,0,0,0,0,0,0,0,0,0,0,0,NA,NA,NA,606.25,1,0,0,NA,NA,NA,NA,NA,NA,0,NA,NA,NA,NA,NA,NA,NA,NA,NA,"LOW",105.010569234004,144.230314688757
"913",NA,895,"20E TAYLOR CORRIDOR",2018,"6352-14210",NA,"LOW",0,"20E",5.875,63.8833,-142.2083,0,0,0,0,0,0,0,0,0,0,0,0,0,0,0,NA,NA,NA,614.3333,1,0,0,NA,NA,NA,NA,NA,NA,0,NA,NA,NA,NA,NA,NA,NA,NA,NA,"LOW",105.020992041571,140.508425160252
"914",3,895,"20E TAYLOR CORRIDOR",2018,"6348-14210",NA,"LOW",1,"20E",5.888,63.8167,-142.2083,0,0,0,0,0,3,0,0,0,0,3,3,3,0,0,NA,NA,NA,800.875,0.883100138,0.101925299,0,NA,NA,NA,NA,NA,NA,0,NA,NA,NA,NA,NA,NA,NA,NA,NA,"LOW",105.041766204586,133.086985098167
"915",NA,895,"20E TAYLOR CORRIDOR",2018,"6346-14210",NA,"LOW",0,"20E",5.895,63.7833,-142.2083,0,0,0,0,0,0,0,0,0,0,0,0,0,0,0,NA,NA,NA,809,0.05063275,0.446057978,0,NA,NA,NA,NA,NA,NA,0,NA,NA,NA,NA,NA,NA,NA,NA,NA,"LOW",105.052179937822,129.365147988962
"916",4,895,"20E TAYLOR CORRIDOR",2018,"6344-14210",NA,"LOW",1,"20E",5.902,63.75,-142.2083,0,0,0,0,0,2,1,0,0,0,4,3,3,0,1,NA,NA,NA,960.5333,0,0,0,NA,NA,NA,NA,NA,NA,0,NA,NA,NA,NA,NA,NA,NA,NA,NA,"LOW",105.062559467922,125.65447156517
"917",12,895,"20E TAYLOR CORRIDOR",2018,"6332-14210",NA,"LOW",1,"20E",5.944,63.55,-142.2083,0,0,1,0,2,7,1,0,0,0,12,11,8,3,1,NA,NA,NA,891.2,0.537214437,0,0,NA,NA,NA,NA,NA,NA,0,NA,NA,NA,NA,NA,NA,NA,NA,NA,"LOW",105.124835257464,103.368494345387
"918",NA,895,"20E TAYLOR CORRIDOR",2018,"6330-14210",NA,"LOW",0,"20E",5.951,63.5167,-142.2083,0,0,0,0,0,0,0,0,0,0,0,0,0,0,0,NA,NA,NA,732.2,0.544223154,0,0,NA,NA,NA,NA,NA,NA,0,NA,NA,NA,NA,NA,NA,NA,NA,NA,"LOW",105.135193532401,99.6579404985383
"919",NA,895,"20E TAYLOR CORRIDOR",2018,"6328-14210",NA,"LOW",0,"20E",5.958,63.4833,-142.2083,0,0,0,0,0,0,0,0,0,0,0,0,0,0,0,NA,NA,NA,749.6875,0.084956024,0,0,NA,NA,NA,NA,NA,NA,0,NA,NA,NA,NA,NA,NA,NA,NA,NA,"LOW",105.145579851601,95.9362614838295
"920",NA,895,"20E TAYLOR CORRIDOR",2018,"6326-14210",NA,"LOW",0,"20E",5.965,63.45,-142.2083,0,0,0,0,0,0,0,0,0,0,0,0,0,0,0,NA,NA,NA,861,0,0,0,NA,NA,NA,NA,NA,NA,0,NA,NA,NA,NA,NA,NA,NA,NA,NA,"LOW",105.155932018014,92.2257428196277
"921",NA,895,"20E TAYLOR CORRIDOR",2018,"6320-14210",NA,"LOW",0,"20E",5.986,63.35,-142.2083,0,0,0,0,0,0,0,0,0,0,0,0,0,0,0,NA,NA,NA,820.5625,0.755672976,0.128220204,0,NA,NA,NA,NA,NA,NA,0,NA,NA,NA,NA,NA,NA,NA,NA,NA,"LOW",105.187001228906,81.0831499011386
"922",NA,895,"20E TAYLOR CORRIDOR",2018,"6318-14210",NA,"LOW",0,"20E",5.992,63.3167,-142.2083,0,0,0,0,0,0,0,0,0,0,0,0,0,0,0,NA,NA,NA,784.8,0.867976193,0,0,NA,NA,NA,NA,NA,NA,0,NA,NA,NA,NA,NA,NA,NA,NA,NA,"LOW",105.197341145235,77.3727017322769
"923",NA,895,"20E TAYLOR CORRIDOR",2018,"6316-14210",NA,"LOW",0,"20E",5.999,63.2833,-142.2083,0,0,0,0,0,0,0,0,0,0,0,0,0,0,0,NA,NA,NA,700.3125,0.864237303,0,0,NA,NA,NA,NA,NA,NA,0,NA,NA,NA,NA,NA,NA,NA,NA,NA,"LOW",105.207709029526,73.6511288045291
"924",NA,895,"20E TAYLOR CORRIDOR",2018,"6410-14205",NA,"LOW",0,"20E",5.812,64.1833,-142.125,0,0,0,0,0,0,0,0,0,0,0,0,0,0,0,NA,NA,NA,925.1875,0,0,0,NA,NA,NA,NA,NA,NA,0,NA,NA,NA,NA,NA,NA,NA,NA,NA,"LOW",108.975085653719,173.953207505613
"925",NA,895,"20E TAYLOR CORRIDOR",2018,"6408-14205",NA,"LOW",0,"20E",5.819,64.15,-142.125,0,0,0,0,0,0,0,0,0,0,0,0,0,0,0,NA,NA,NA,841.3333,0,0,0,NA,NA,NA,NA,NA,NA,0,NA,NA,NA,NA,NA,NA,NA,NA,NA,"LOW",108.9903571898,170.242335550293
"926",NA,895,"20E TAYLOR CORRIDOR",2018,"6406-14205",NA,"LOW",0,"20E",5.826,64.1167,-142.125,0,0,0,0,0,0,0,0,0,0,0,0,0,0,0,NA,NA,NA,609.2143,0.325756156,0,0,NA,NA,NA,NA,NA,NA,0,NA,NA,NA,NA,NA,NA,NA,NA,NA,"LOW",109.005624355285,166.531480838741
"927",NA,895,"20E TAYLOR CORRIDOR",2018,"6404-14205",NA,"LOW",0,"20E",5.833,64.0833,-142.125,0,0,0,0,0,0,0,0,0,0,0,0,0,0,0,NA,NA,NA,669,0.999256924,0,0,NA,NA,NA,NA,NA,NA,0,NA,NA,NA,NA,NA,NA,NA,NA,NA,"LOW",109.020932972601,162.809499756637
"928",5,895,"20E TAYLOR CORRIDOR",2018,"6400-14205",NA,"LOW",1,"20E",5.847,64.0167,-142.125,0,0,0,0,0,5,0,0,0,0,5,5,5,0,0,NA,NA,NA,730.2857,1,0,0,NA,NA,NA,NA,NA,NA,0,NA,NA,NA,NA,NA,NA,NA,NA,NA,"LOW",109.051445377621,155.38787679726
"929",NA,895,"20E TAYLOR CORRIDOR",2018,"6358-14205",NA,"LOW",0,"20E",5.854,63.9833,-142.125,0,0,0,0,0,0,0,0,0,0,0,0,0,0,0,NA,NA,NA,696.8125,1,0,0,NA,NA,NA,NA,NA,NA,0,NA,NA,NA,NA,NA,NA,NA,NA,NA,"LOW",109.066740783758,151.665947795373
"930",NA,895,"20E TAYLOR CORRIDOR",2018,"6356-14205",NA,"LOW",0,"20E",5.861,63.95,-142.125,0,0,0,0,0,0,0,0,0,0,0,0,0,0,0,NA,NA,NA,617.5333,0.974162084,0.025837916,0,NA,NA,NA,NA,NA,NA,0,NA,NA,NA,NA,NA,NA,NA,NA,NA,"LOW",109.081985992152,147.955179641531
"931",NA,895,"20E TAYLOR CORRIDOR",2018,"6354-14205",NA,"LOW",0,"20E",5.868,63.9167,-142.125,0,0,0,0,0,0,0,0,0,0,0,0,0,0,0,NA,NA,NA,622.8,0.567435461,0.432564539,0,NA,NA,NA,NA,NA,NA,0,NA,NA,NA,NA,NA,NA,NA,NA,NA,"LOW",109.097226798854,144.244428825298
"932",NA,895,"20E TAYLOR CORRIDOR",2018,"6352-14205",NA,"LOW",0,"20E",5.875,63.8833,-142.125,0,0,0,0,0,0,0,0,0,0,0,0,0,0,0,NA,NA,NA,640.6875,1,0,0,NA,NA,NA,NA,NA,NA,0,NA,NA,NA,NA,NA,NA,NA,NA,NA,"LOW",109.112508947006,140.522552044633
"933",NA,895,"20E TAYLOR CORRIDOR",2018,"6346-14205",NA,"LOW",0,"20E",5.895,63.7833,-142.125,0,0,0,0,0,0,0,0,0,0,0,0,0,0,0,NA,NA,NA,857.5,0,0.931308216,0,NA,NA,NA,NA,NA,NA,0,NA,NA,NA,NA,NA,NA,NA,NA,NA,"LOW",109.158237322293,129.379312925293
"934",NA,895,"20E TAYLOR CORRIDOR",2018,"6344-14205",NA,"LOW",0,"20E",5.902,63.75,-142.125,0,0,0,0,0,0,0,0,0,0,0,0,0,0,0,NA,NA,NA,841.6667,0,0.009496429,0,NA,NA,NA,NA,NA,NA,0,NA,NA,NA,NA,NA,NA,NA,NA,NA,"LOW",109.173456016393,125.668649134399
"935",NA,895,"20E TAYLOR CORRIDOR",2018,"6342-14205",NA,"LOW",0,"20E",5.909,63.7167,-142.125,0,0,0,0,0,0,0,0,0,0,0,0,0,0,0,NA,NA,NA,833.8,0,0,0,NA,NA,NA,NA,NA,NA,0,NA,NA,NA,NA,NA,NA,NA,NA,NA,"LOW",109.188670277766,121.958002774096
"936",NA,895,"20E TAYLOR CORRIDOR",2018,"6336-14205",NA,"LOW",0,"20E",5.93,63.6167,-142.125,0,0,0,0,0,0,0,0,0,0,0,0,0,0,0,NA,NA,NA,776.1875,0,0,0,NA,NA,NA,NA,NA,NA,0,NA,NA,NA,NA,NA,NA,NA,NA,NA,"LOW",109.234332055668,110.815025532095
"937",NA,895,"20E TAYLOR CORRIDOR",2018,"6334-14205",NA,"LOW",0,"20E",5.937,63.5833,-142.125,0,0,0,0,0,0,0,0,0,0,0,0,0,0,0,NA,NA,NA,851.125,0.071172146,0,0,NA,NA,NA,NA,NA,NA,0,NA,NA,NA,NA,NA,NA,NA,NA,NA,"LOW",109.24957414948,107.093306254654
"938",NA,895,"20E TAYLOR CORRIDOR",2018,"6332-14205",NA,"LOW",0,"20E",5.944,63.55,-142.125,0,0,0,0,0,0,0,0,0,0,0,0,0,0,0,NA,NA,NA,846.2667,0,0,0,NA,NA,NA,NA,NA,NA,0,NA,NA,NA,NA,NA,NA,NA,NA,NA,"LOW",109.264766143045,103.382747383009
"939",NA,895,"20E TAYLOR CORRIDOR",2018,"6330-14205",NA,"LOW",0,"20E",5.951,63.5167,-142.125,0,0,0,0,0,0,0,0,0,0,0,0,0,0,0,NA,NA,NA,711.625,0,0,0,NA,NA,NA,NA,NA,NA,0,NA,NA,NA,NA,NA,NA,NA,NA,NA,"LOW",109.279953672911,99.6722060340783
"940",NA,895,"20E TAYLOR CORRIDOR",2018,"6328-14205",NA,"LOW",0,"20E",5.958,63.4833,-142.125,0,0,0,0,0,0,0,0,0,0,0,0,0,0,0,NA,NA,NA,745.3125,0,0,0,NA,NA,NA,NA,NA,NA,0,NA,NA,NA,NA,NA,NA,NA,NA,NA,"LOW",109.295182321969,95.9505395353986
"941",2,895,"20E TAYLOR CORRIDOR",2018,"6326-14205",NA,"LOW",1,"20E",5.965,63.45,-142.125,0,0,0,0,0,0,1,0,0,0,2,1,1,0,1,NA,NA,NA,845.9333,0,0,0,NA,NA,NA,NA,NA,NA,0,NA,NA,NA,NA,NA,NA,NA,NA,NA,"LOW",109.310360895542,92.2400333303744
"942",NA,895,"20E TAYLOR CORRIDOR",2018,"6318-14205",NA,"LOW",0,"20E",5.992,63.3167,-142.125,0,0,0,0,0,0,0,0,0,0,0,0,0,0,0,NA,NA,NA,716.8,0.112369308,0.549005967,0,NA,NA,NA,NA,NA,NA,0,NA,NA,NA,NA,NA,NA,NA,NA,NA,"LOW",109.371075867389,77.3870419230405
"943",NA,895,"20E TAYLOR CORRIDOR",2018,"6316-14205",NA,"LOW",0,"20E",5.999,63.2833,-142.125,0,0,0,0,0,0,0,0,0,0,0,0,0,0,0,NA,NA,NA,776.5,0.39000113,0.456932684,0,NA,NA,NA,NA,NA,NA,0,NA,NA,NA,NA,NA,NA,NA,NA,NA,"LOW",109.386277487257,73.6654813945014
"944",NA,895,"20E TAYLOR CORRIDOR",2018,"6406-14200",NA,"LOW",0,"20E",5.826,64.1167,-142.0417,0,0,0,0,0,0,0,0,0,0,0,0,0,0,0,NA,NA,NA,757.7857,0.250688114,0,0,NA,NA,NA,NA,NA,NA,0,NA,NA,NA,NA,NA,NA,NA,NA,NA,"LOW",113.063137951422,166.550825583962
"945",NA,895,"20E TAYLOR CORRIDOR",2018,"6404-14200",NA,"LOW",0,"20E",5.833,64.0833,-142.0417,0,0,0,0,0,0,0,0,0,0,0,0,0,0,0,NA,NA,NA,627.3333,0.711825471,0,0,NA,NA,NA,NA,NA,NA,0,NA,NA,NA,NA,NA,NA,NA,NA,NA,"LOW",113.083314330288,162.828862228048
"946",NA,895,"20E TAYLOR CORRIDOR",2018,"6402-14200",NA,"LOW",0,"20E",5.84,64.05,-142.0417,0,0,0,0,0,0,0,0,0,0,0,0,0,0,0,NA,NA,NA,626.75,0.976447347,0,0,NA,NA,NA,NA,NA,NA,0,NA,NA,NA,NA,NA,NA,NA,NA,NA,"LOW",113.103424518299,159.118059749796
"947",0,895,"20E TAYLOR CORRIDOR",2018,"6358-14200",NA,"LOW",1,"20E",5.854,63.9833,-142.0417,0,0,0,0,0,0,0,0,0,0,0,0,0,0,0,NA,NA,NA,594.1334,1,0,0,NA,NA,NA,NA,NA,NA,0,NA,NA,NA,NA,NA,NA,NA,NA,NA,"LOW",113.143687892901,151.68536318126
"948",NA,895,"20E TAYLOR CORRIDOR",2018,"6356-14200",NA,"LOW",0,"20E",5.861,63.95,-142.0417,0,0,0,0,0,0,0,0,0,0,0,0,0,0,0,NA,NA,NA,589.5625,0.521967955,0.478032045,0,NA,NA,NA,NA,NA,NA,0,NA,NA,NA,NA,NA,NA,NA,NA,NA,"LOW",113.163780700945,147.974612595301
"949",NA,895,"20E TAYLOR CORRIDOR",2018,"6354-14200",NA,"LOW",0,"20E",5.868,63.9167,-142.0417,0,0,0,0,0,0,0,0,0,0,0,0,0,0,0,NA,NA,NA,618.8571,0.022030026,0.977969974,0,NA,NA,NA,NA,NA,NA,0,NA,NA,NA,NA,NA,NA,NA,NA,NA,"LOW",113.183867707812,144.263879320613
"950",4,895,"20E TAYLOR CORRIDOR",2018,"6352-14200",NA,"LOW",1,"20E",5.875,63.8833,-142.0417,0,0,0,0,2,0,1,0,0,0,4,3,1,2,1,NA,NA,NA,622.5333,0.559315394,0.440684606,0,NA,NA,NA,NA,NA,NA,0,NA,NA,NA,NA,NA,NA,NA,NA,NA,"LOW",113.204009201832,140.54202010769
"951",NA,895,"20E TAYLOR CORRIDOR",2018,"6346-14200",NA,"LOW",0,"20E",5.895,63.7833,-142.0417,0,0,0,0,0,0,0,0,0,0,0,0,0,0,0,NA,NA,NA,749.1429,0,1,0,NA,NA,NA,NA,NA,NA,0,NA,NA,NA,NA,NA,NA,NA,NA,NA,"LOW",113.264278072501,129.398833427575
"952",0,895,"20E TAYLOR CORRIDOR",2018,"6344-14200",NA,"LOW",1,"20E",5.902,63.75,-142.0417,0,0,0,0,0,0,0,0,0,0,0,0,0,0,0,NA,NA,NA,726.2941,0.09576558,0.380175008,0,NA,NA,NA,NA,NA,NA,0,NA,NA,NA,NA,NA,NA,NA,NA,NA,"LOW",113.284335936217,125.688187046022
"953",NA,895,"20E TAYLOR CORRIDOR",2018,"6342-14200",NA,"LOW",0,"20E",5.909,63.7167,-142.0417,0,0,0,0,0,0,0,0,0,0,0,0,0,0,0,NA,NA,NA,706.9333,0.544001203,0,0,NA,NA,NA,NA,NA,NA,0,NA,NA,NA,NA,NA,NA,NA,NA,NA,"LOW",113.304387957853,121.977558068581
"954",NA,895,"20E TAYLOR CORRIDOR",2018,"6340-14200",NA,"LOW",0,"20E",5.916,63.6833,-142.0417,0,0,0,0,0,0,0,0,0,0,0,0,0,0,0,NA,NA,NA,677.3571,0.584169783,0,0,NA,NA,NA,NA,NA,NA,0,NA,NA,NA,NA,NA,NA,NA,NA,NA,"LOW",113.324494320508,118.255803559227
"955",0,895,"20E TAYLOR CORRIDOR",2018,"6338-14200",NA,"LOW",1,"20E",5.924,63.65,-142.0417,0,0,0,0,0,0,0,0,0,0,0,0,0,0,0,NA,NA,NA,684.1765,0.114450075,0,0,NA,NA,NA,NA,NA,NA,0,NA,NA,NA,NA,NA,NA,NA,NA,NA,"LOW",113.344534619983,114.545209488492
"956",NA,895,"20E TAYLOR CORRIDOR",2018,"6336-14200",NA,"LOW",0,"20E",5.93,63.6167,-142.0417,0,0,0,0,0,0,0,0,0,0,0,0,0,0,0,NA,NA,NA,696.4667,0.196303249,0,0,NA,NA,NA,NA,NA,NA,0,NA,NA,NA,NA,NA,NA,NA,NA,NA,"LOW",113.364569056957,110.834632867971
"957",NA,895,"20E TAYLOR CORRIDOR",2018,"6334-14200",NA,"LOW",0,"20E",5.937,63.5833,-142.0417,0,0,0,0,0,0,0,0,0,0,0,0,0,0,0,NA,NA,NA,703.9286,0.939704382,0,0,NA,NA,NA,NA,NA,NA,0,NA,NA,NA,NA,NA,NA,NA,NA,NA,"LOW",113.384657761637,107.112930918999
"958",NA,895,"20E TAYLOR CORRIDOR",2018,"6332-14200",NA,"LOW",0,"20E",5.944,63.55,-142.0417,0,0,0,0,0,0,0,0,0,0,0,0,0,0,0,NA,NA,NA,722.8235,0.35066115,0,0,NA,NA,NA,NA,NA,NA,0,NA,NA,NA,NA,NA,NA,NA,NA,NA,"LOW",113.404680435567,103.402389297307
"959",NA,895,"20E TAYLOR CORRIDOR",2018,"6330-14200",NA,"LOW",0,"20E",5.951,63.5167,-142.0417,0,0,0,0,0,0,0,0,0,0,0,0,0,0,0,NA,NA,NA,702.1429,0,0,0,NA,NA,NA,NA,NA,NA,0,NA,NA,NA,NA,NA,NA,NA,NA,NA,"LOW",113.424697226595,99.6918651717063
"960",3,895,"20E TAYLOR CORRIDOR",2018,"6328-14200",NA,"LOW",1,"20E",5.958,63.4833,-142.0417,1,0,0,0,0,2,0,0,0,0,3,3,2,1,0,NA,NA,NA,828.2,0,0,0,NA,NA,NA,NA,NA,NA,0,NA,NA,NA,NA,NA,NA,NA,NA,NA,"LOW",113.444768211852,95.9702159213163
"961",NA,895,"20E TAYLOR CORRIDOR",2018,"6322-14200",NA,"LOW",0,"20E",5.978,63.3833,-142.0417,0,0,0,0,0,0,0,0,0,0,0,0,0,0,0,NA,NA,NA,744.2667,0,0.017692263,0,NA,NA,NA,NA,NA,NA,0,NA,NA,NA,NA,NA,NA,NA,NA,NA,"LOW",113.504825487302,84.8276589786448
"962",0,895,"20E TAYLOR CORRIDOR",2018,"6320-14200",NA,"LOW",1,"20E",5.986,63.35,-142.0417,0,0,0,0,0,0,0,0,0,0,0,0,0,0,0,NA,NA,NA,679.4706,0,0.831243789,0,NA,NA,NA,NA,NA,NA,0,NA,NA,NA,NA,NA,NA,NA,NA,NA,"LOW",113.524812726474,81.1172226670869
"963",NA,895,"20E TAYLOR CORRIDOR",2018,"6318-14200",NA,"LOW",0,"20E",5.992,63.3167,-142.0417,0,0,0,0,0,0,0,0,0,0,0,0,0,0,0,NA,NA,NA,717.4667,0,0.853196021,0,NA,NA,NA,NA,NA,NA,0,NA,NA,NA,NA,NA,NA,NA,NA,NA,"LOW",113.544794042003,77.4068039427381
"964",NA,895,"20E TAYLOR CORRIDOR",2018,"6316-14200",NA,"LOW",0,"20E",5.999,63.2833,-142.0417,0,0,0,0,0,0,0,0,0,0,0,0,0,0,0,NA,NA,NA,816.3333,0,0.223692816,0,NA,NA,NA,NA,NA,NA,0,NA,NA,NA,NA,NA,NA,NA,NA,NA,"LOW",113.564829404318,73.6852605014993
"965",0,895,"20E TAYLOR CORRIDOR",2018,"6406-14155",NA,"LOW",1,"20E",5.826,64.1167,-141.9583,0,0,0,0,0,0,0,0,0,0,0,0,0,0,0,NA,NA,NA,803.5,0,0,0,NA,NA,NA,NA,NA,NA,0,NA,NA,NA,NA,NA,NA,NA,NA,NA,"LOW",117.125500479025,166.575510464096
"966",NA,895,"20E TAYLOR CORRIDOR",2018,"6404-14155",NA,"LOW",0,"20E",5.833,64.0833,-141.9583,0,0,0,0,0,0,0,0,0,0,0,0,0,0,0,NA,NA,NA,612.2,0.035659218,0,0,NA,NA,NA,NA,NA,NA,0,NA,NA,NA,NA,NA,NA,NA,NA,NA,"LOW",117.150550469371,162.853569727902
"967",NA,895,"20E TAYLOR CORRIDOR",2018,"6402-14155",NA,"LOW",0,"20E",5.84,64.05,-141.9583,0,0,0,0,0,0,0,0,0,0,0,0,0,0,0,NA,NA,NA,532.2,0.717472873,0,0,NA,NA,NA,NA,NA,NA,0,NA,NA,NA,NA,NA,NA,NA,NA,NA,"LOW",117.175518280665,159.142789768112
"968",NA,895,"20E TAYLOR CORRIDOR",2018,"6358-14155",NA,"LOW",0,"20E",5.854,63.9833,-141.9583,0,0,0,0,0,0,0,0,0,0,0,0,0,0,0,NA,NA,NA,604.1334,0.933691102,0.066308898,0,NA,NA,NA,NA,NA,NA,0,NA,NA,NA,NA,NA,NA,NA,NA,NA,"LOW",117.225507288831,151.710138203283
"969",NA,895,"20E TAYLOR CORRIDOR",2018,"6356-14155",NA,"LOW",0,"20E",5.861,63.95,-141.9583,0,0,0,0,0,0,0,0,0,0,0,0,0,0,0,NA,NA,NA,663.6,0.327113477,0.672886523,0,NA,NA,NA,NA,NA,NA,0,NA,NA,NA,NA,NA,NA,NA,NA,NA,"LOW",117.250453522698,147.999410035038
"970",NA,895,"20E TAYLOR CORRIDOR",2018,"6354-14155",NA,"LOW",0,"20E",5.868,63.9167,-141.9583,0,0,0,0,0,0,0,0,0,0,0,0,0,0,0,NA,NA,NA,700.5,0.001244117,0.998755883,0,NA,NA,NA,NA,NA,NA,0,NA,NA,NA,NA,NA,NA,NA,NA,NA,"LOW",117.275392554335,144.288699144457
"971",NA,895,"20E TAYLOR CORRIDOR",2018,"6352-14155",NA,"LOW",0,"20E",5.875,63.8833,-141.9583,0,0,0,0,0,0,0,0,0,0,0,0,0,0,0,NA,NA,NA,712,0,1,0,NA,NA,NA,NA,NA,NA,0,NA,NA,NA,NA,NA,NA,NA,NA,NA,"LOW",117.300399234747,140.56686234907
"972",NA,895,"20E TAYLOR CORRIDOR",2018,"6348-14155",NA,"LOW",0,"20E",5.888,63.8167,-141.9583,0,0,0,0,0,0,0,0,0,0,0,0,0,0,0,NA,NA,NA,689.7333,0,1,0,NA,NA,NA,NA,NA,NA,0,NA,NA,NA,NA,NA,NA,NA,NA,NA,"LOW",117.350241167322,133.145527199543
"973",NA,895,"20E TAYLOR CORRIDOR",2018,"6346-14155",NA,"LOW",0,"20E",5.895,63.7833,-141.9583,0,0,0,0,0,0,0,0,0,0,0,0,0,0,0,NA,NA,NA,725.6667,0,1,0,NA,NA,NA,NA,NA,NA,0,NA,NA,NA,NA,NA,NA,NA,NA,NA,"LOW",117.375226077954,129.423742584687
"974",NA,895,"20E TAYLOR CORRIDOR",2018,"6344-14155",NA,"LOW",0,"20E",5.902,63.75,-141.9583,0,0,0,0,0,0,0,0,0,0,0,0,0,0,0,NA,NA,NA,657.8666,0,0.437633161,0,NA,NA,NA,NA,NA,NA,0,NA,NA,NA,NA,NA,NA,NA,NA,NA,"LOW",117.400128928034,125.713118418543
"975",NA,895,"20E TAYLOR CORRIDOR",2018,"6342-14155",NA,"LOW",0,"20E",5.909,63.7167,-141.9583,0,0,0,0,0,0,0,0,0,0,0,0,0,0,0,NA,NA,NA,700.125,0.222839626,0,0,NA,NA,NA,NA,NA,NA,0,NA,NA,NA,NA,NA,NA,NA,NA,NA,"LOW",117.425024525102,122.00251162272
"976",NA,895,"20E TAYLOR CORRIDOR",2018,"6340-14155",NA,"LOW",0,"20E",5.916,63.6833,-141.9583,0,0,0,0,0,0,0,0,0,0,0,0,0,0,0,NA,NA,NA,658.6,0.880766599,0,0,NA,NA,NA,NA,NA,NA,0,NA,NA,NA,NA,NA,NA,NA,NA,NA,"LOW",117.449987589515,118.280779327626
"977",NA,895,"20E TAYLOR CORRIDOR",2018,"6338-14155",NA,"LOW",0,"20E",5.924,63.65,-141.9583,0,0,0,0,0,0,0,0,0,0,0,0,0,0,0,NA,NA,NA,616.0667,0.698060377,0,0,NA,NA,NA,NA,NA,NA,0,NA,NA,NA,NA,NA,NA,NA,NA,NA,"LOW",117.474868633383,114.570207370743
"978",NA,895,"20E TAYLOR CORRIDOR",2018,"6336-14155",NA,"LOW",0,"20E",5.93,63.6167,-141.9583,0,0,0,0,0,0,0,0,0,0,0,0,0,0,0,NA,NA,NA,629.125,0.471922093,0,0,NA,NA,NA,NA,NA,NA,0,NA,NA,NA,NA,NA,NA,NA,NA,NA,"LOW",117.499742398886,110.859652830196
"979",NA,895,"20E TAYLOR CORRIDOR",2018,"6334-14155",NA,"LOW",0,"20E",5.937,63.5833,-141.9583,0,0,0,0,0,0,0,0,0,0,0,0,0,0,0,NA,NA,NA,644.2,0.819887493,0,0,NA,NA,NA,NA,NA,NA,0,NA,NA,NA,NA,NA,NA,NA,NA,NA,"LOW",117.524683540716,107.137972993441
"980",NA,895,"20E TAYLOR CORRIDOR",2018,"6332-14155",NA,"LOW",0,"20E",5.944,63.55,-141.9583,0,0,0,0,0,0,0,0,0,0,0,0,0,0,0,NA,NA,NA,682.9333,0.199249624,0,0,NA,NA,NA,NA,NA,NA,0,NA,NA,NA,NA,NA,NA,NA,NA,NA,"LOW",117.549542702261,103.427453383772
"981",NA,895,"20E TAYLOR CORRIDOR",2018,"6406-14150",NA,"LOW",0,"20E",5.826,64.1167,-141.875,0,0,0,0,0,0,0,0,0,0,0,0,0,0,0,NA,NA,NA,789.2,0,0,0,NA,NA,NA,NA,NA,NA,0,NA,NA,NA,NA,NA,NA,NA,NA,NA,"LOW",121.182964750268,166.605476290384
"982",NA,895,"20E TAYLOR CORRIDOR",2018,"6404-14150",NA,"LOW",0,"20E",5.833,64.0833,-141.875,0,0,0,0,0,0,0,0,0,0,0,0,0,0,0,NA,NA,NA,709.75,0,0,0,NA,NA,NA,NA,NA,NA,0,NA,NA,NA,NA,NA,NA,NA,NA,NA,"LOW",121.212882516222,162.883563013349
"983",8,895,"20E TAYLOR CORRIDOR",2018,"6402-14150",NA,"LOW",1,"20E",5.84,64.05,-141.875,0,0,0,0,0,2,3,0,0,0,8,5,5,0,3,NA,NA,NA,604,0.490235228,0.00423061,0,NA,NA,NA,NA,NA,NA,0,NA,NA,NA,NA,NA,NA,NA,NA,NA,"LOW",121.242702134214,159.172810389791
"984",NA,895,"20E TAYLOR CORRIDOR",2018,"6358-14150",NA,"LOW",0,"20E",5.854,63.9833,-141.875,0,0,0,0,0,0,0,0,0,0,0,0,0,0,0,NA,NA,NA,710.6875,0.193176313,0.806823687,0,NA,NA,NA,NA,NA,NA,0,NA,NA,NA,NA,NA,NA,NA,NA,NA,"LOW",121.302405130779,151.740213457116
"985",NA,895,"20E TAYLOR CORRIDOR",2018,"6356-14150",NA,"LOW",0,"20E",5.861,63.95,-141.875,0,0,0,0,0,0,0,0,0,0,0,0,0,0,0,NA,NA,NA,731.9286,0.003295636,0.996704364,0,NA,NA,NA,NA,NA,NA,0,NA,NA,NA,NA,NA,NA,NA,NA,NA,"LOW",121.332198979347,148.029512502812
"986",NA,895,"20E TAYLOR CORRIDOR",2018,"6344-14150",NA,"LOW",0,"20E",5.902,63.75,-141.875,0,0,0,0,0,0,0,0,0,0,0,0,0,0,0,NA,NA,NA,759.0667,0,0.415887899,0,NA,NA,NA,NA,NA,NA,0,NA,NA,NA,NA,NA,NA,NA,NA,NA,"LOW",121.510959691551,125.743383473768
"987",NA,895,"20E TAYLOR CORRIDOR",2018,"6340-14150",NA,"LOW",0,"20E",5.916,63.6833,-141.875,0,0,0,0,0,0,0,0,0,0,0,0,0,0,0,NA,NA,NA,789.6,0.975502046,0,0,NA,NA,NA,NA,NA,NA,0,NA,NA,NA,NA,NA,NA,NA,NA,NA,"LOW",121.570507018047,118.31109827716
"988",NA,895,"20E TAYLOR CORRIDOR",2018,"6338-14150",NA,"LOW",0,"20E",5.924,63.65,-141.875,0,0,0,0,0,0,0,0,0,0,0,0,0,0,0,NA,NA,NA,734.8666,1,0,0,NA,NA,NA,NA,NA,NA,0,NA,NA,NA,NA,NA,NA,NA,NA,NA,"LOW",121.600223011685,114.600553165352
"989",NA,895,"20E TAYLOR CORRIDOR",2018,"6408-14145",NA,"LOW",0,"20E",5.819,64.15,-141.7917,0,0,0,0,0,0,0,0,0,0,0,0,0,0,0,NA,NA,NA,620.5,0.261505216,0,0,NA,NA,NA,NA,NA,NA,0,NA,NA,NA,NA,NA,NA,NA,NA,NA,"LOW",125.205705052497,170.351504219504
"990",NA,895,"20E TAYLOR CORRIDOR",2018,"6406-14145",NA,"LOW",0,"20E",5.826,64.1167,-141.7917,0,0,0,0,0,0,0,0,0,0,0,0,0,0,0,NA,NA,NA,709.3571,0.164689131,0,0,NA,NA,NA,NA,NA,NA,0,NA,NA,NA,NA,NA,NA,NA,NA,NA,"LOW",125.240396411565,166.640749484536
"991",NA,895,"20E TAYLOR CORRIDOR",2018,"6404-14145",NA,"LOW",0,"20E",5.833,64.0833,-141.7917,0,0,0,0,0,0,0,0,0,0,0,0,0,0,0,NA,NA,NA,638.6,0.196834439,0,0,NA,NA,NA,NA,NA,NA,0,NA,NA,NA,NA,NA,NA,NA,NA,NA,"LOW",125.275181962417,162.918868530483
"992",NA,895,"20E TAYLOR CORRIDOR",2018,"6346-14145",NA,"LOW",0,"20E",5.895,63.7833,-141.7917,0,0,0,0,0,0,0,0,0,0,0,0,0,0,0,NA,NA,NA,961.7333,0.353427049,0.272485036,0,NA,NA,NA,NA,NA,NA,0,NA,NA,NA,NA,NA,NA,NA,NA,NA,"LOW",125.587176723052,129.489574351715
"993",0,895,"20E TAYLOR CORRIDOR",2018,"6344-14145",NA,"LOW",1,"20E",5.902,63.75,-141.7917,0,0,0,0,0,0,0,0,0,0,0,0,0,0,0,NA,NA,NA,798.5625,0.40079484,0.023972647,0,NA,NA,NA,NA,NA,NA,0,NA,NA,NA,NA,NA,NA,NA,NA,NA,"LOW",125.621757956552,125.779008899192
"994",NA,895,"20E TAYLOR CORRIDOR",2018,"6342-14145",NA,"LOW",0,"20E",5.909,63.7167,-141.7917,0,0,0,0,0,0,0,0,0,0,0,0,0,0,0,NA,NA,NA,927.7143,0.621293549,0,0,NA,NA,NA,NA,NA,NA,0,NA,NA,NA,NA,NA,NA,NA,NA,NA,"LOW",125.656329119022,122.068460727697
"995",NA,895,"20E TAYLOR CORRIDOR",2018,"6338-14145",NA,"LOW",0,"20E",5.924,63.65,-141.7917,0,0,0,0,0,0,0,0,0,0,0,0,0,0,0,NA,NA,NA,869.125,1,0,0,NA,NA,NA,NA,NA,NA,0,NA,NA,NA,NA,NA,NA,NA,NA,NA,"LOW",125.725544925462,114.636273631541
